0.01 0.090591 0.943841 0.929296
0.02 0.066257 0.96967 0.966843
0.03 0.0611449 -0.751987 0.955518
0.04 0.0542958 0.976842 0.970083
0.05 0.0524629 -0.979566 0.974216
0.06 0.055561 0.975216 0.966224
0.07 0.053377 0.976707 0.968783
0.08 0.0538053 -0.977026 0.969089
0.09 0.0535881 0.977941 0.970953
0.1 0.0525554 0.978265 0.971168
0.11 0.051902 -0.978964 0.972417
0.12 0.0520692 0.976996 0.968448
0.13 0.0530484 -0.976726 0.968348
0.14 0.05297 -0.977546 0.970047
0.15 0.0517979 0.978939 0.972334
0.16 0.0522139 0.978824 0.972123
0.17 0.0526655 0.978129 0.970934
0.18 0.0523129 0.976484 0.967715
0.19 0.0529091 -0.979343 0.973413
0.2 0.0518021 -0.979643 0.973655
0.21 0.0530811 -0.977966 0.970853
0.22 0.0524539 -0.979908 0.974291
0.23 0.0519096 -0.980496 0.975281
0.24 0.0523115 0.977924 0.97049
0.25 0.0525116 -0.979283 0.973227
0.26 0.0525496 0.642417 0.974182
0.27 0.0526208 -0.974156 0.971205
0.28 0.0521628 0.00619899 0.971644
0.29 0.0522484 0.234321 0.973836
0.3 0.0515834 -0.0902829 0.973035
0.31 0.0516805 0.979004 0.972371
0.32 0.0528645 0.529785 0.972564
0.33 0.0536521 0.729199 0.973017
0.34 0.051708 0.98037 0.975002
0.35 0.0516474 -0.165358 0.972667
0.36 0.053494 0.978621 0.972145
0.37 0.0517896 0.979923 0.974083
0.38 0.052369 0.674821 0.973632
0.39 0.0526021 -0.979738 0.974007
0.4 0.0527862 0.420504 0.970782
0.41 0.0529228 0.172215 0.971315
0.42 0.052359 -0.00846127 0.970889
0.43 0.0530176 -0.979132 0.973045
0.44 0.0534442 0.283851 0.972574
0.45 0.0516101 0.97924 0.972711
0.46 0.0530009 -0.970741 0.970386
0.47 0.0531903 -0.32041 0.971453
0.48 0.0538697 -0.97798 0.970999
0.49 0.053676 -0.152052 0.972892
0.5 0.0518371 0.979303 0.972963
0.51 0.0527214 0.979866 0.974361
0.52 0.0531596 -0.978665 0.972145
0.53 0.0524094 0.205391 0.97249
0.54 0.0530157 -0.641287 0.971997
0.55 0.0518004 -0.950652 0.971096
0.56 0.052983 -0.85879 0.969687
0.57 0.0524181 0.978825 0.972289
0.58 0.0531163 0.331407 0.973005
0.59 0.0520793 0.977372 0.974758
0.6 0.0535593 -0.016107 0.968573
0.61 0.0514879 -0.878935 0.973259
0.62 0.0531698 -0.89256 0.974785
0.63 0.0539677 -0.646265 0.970382
0.64 0.0526529 -0.0931143 0.973897
0.65 0.0530348 -0.39171 0.973723
0.66 0.052934 -0.0236254 0.97119
0.67 0.0524604 0.186195 0.973966
0.68 0.0522836 0.978729 0.97197
0.69 0.0534874 0.577963 0.969962
0.7 0.0525125 -0.810455 0.971957
0.71 0.0520531 -0.249397 0.973212
0.72 0.0527931 0.978673 0.972087
0.73 0.052313 -0.197868 0.972256
0.74 0.0519641 0.514881 0.974002
0.75 0.052871 0.512074 0.974293
0.76 0.0529602 0.875428 0.974162
0.77 0.0521771 -0.0423735 0.972265
0.78 0.052786 -0.746451 0.974906
0.79 0.0529232 0.0316313 0.972569
0.8 0.0533674 0.593977 0.97555
0.81 0.0523738 0.0900924 0.970485
0.82 0.0521399 -0.342939 0.971001
0.83 0.052259 -0.690893 0.973042
0.84 0.0518043 0.596522 0.973476
0.85 0.0515496 0.745966 0.972751
0.86 0.053083 -0.167399 0.972829
0.87 0.0521092 0.670998 0.974201
0.88 0.0518223 -0.0268817 0.970487
0.89 0.0520524 0.624393 0.97227
0.9 0.0518734 -0.504603 0.971772
0.91 0.0530115 0.0662499 0.972428
0.92 0.0535503 -0.410082 0.971547
0.93 0.0509291 0.286211 0.975769
0.94 0.0530999 -0.0714986 0.972609
0.95 0.0520482 0.282977 0.974249
0.96 0.0517723 -0.160936 0.975075
0.97 0.0529787 -0.212649 0.971664
0.98 0.0535019 0.0505298 0.972425
0.99 0.0528162 -0.106748 0.971224
1 0.0524165 0.117939 0.973271
1.01 0.0526378 0.0776923 0.974607
1.02 0.0545102 0.238507 0.97307
1.03 0.05217 0.557648 0.972254
1.04 0.0519534 -0.615001 0.973532
1.05 0.0516825 -0.229924 0.972676
1.06 0.0514285 0.2108 0.975503
1.07 0.0521672 -0.391688 0.976655
1.08 0.0525709 -0.397746 0.969719
1.09 0.052801 0.28016 0.969786
1.1 0.0530343 -0.00209653 0.977937
1.11 0.0532582 -0.0827674 0.971463
1.12 0.0512125 -0.40196 0.970709
1.13 0.0530781 0.307342 0.97389
1.14 0.0528449 -0.0236854 0.971035
1.15 0.0527986 0.0708074 0.969784
1.16 0.0511949 -0.198738 0.974495
1.17 0.0526097 0.00496514 0.975336
1.18 0.0519483 0.00278795 0.975685
1.19 0.0521564 -0.0549844 0.972166
1.2 0.0536209 -0.373076 0.973237
1.21 0.0521954 0.16443 0.971036
1.22 0.052231 0.035411 0.976923
1.23 0.053243 -0.141883 0.970883
1.24 0.0534041 0.122681 0.970893
1.25 0.0535124 -0.395199 0.976026
1.26 0.0526273 0.0771153 0.973257
1.27 0.0510119 0.194393 0.975623
1.28 0.0525779 -0.149903 0.975612
1.29 0.0513401 0.0752898 0.972946
1.3 0.0523174 -0.0592665 0.972693
1.31 0.0531329 0.0458167 0.97218
1.32 0.0515068 -0.157469 0.970934
1.33 0.0519523 -0.176492 0.970948
1.34 0.0534232 0.00665824 0.969845
1.35 0.05286 0.00314194 0.972114
1.36 0.0526092 -0.0267577 0.978242
1.37 0.0525032 0.191965 0.974628
1.38 0.0509749 0.0400021 0.9726
1.39 0.0533588 -0.143814 0.972689
1.4 0.0509888 -0.0040175 0.971965
1.41 0.0524351 -0.0510326 0.9708
1.42 0.051571 0.236373 0.974816
1.43 0.0520631 -0.0797559 0.973436
1.44 0.0520074 -0.111091 0.976573
1.45 0.0535926 -0.0355439 0.967121
1.46 0.0539885 -0.0354783 0.975103
1.47 0.0532883 -0.0444372 0.971589
1.48 0.0522726 -0.0901684 0.968927
1.49 0.0524227 -0.0871765 0.971884
1.5 0.051226 -0.0812601 0.968537
1.51 0.0522845 0.117618 0.970128
1.52 0.0536578 0.0131614 0.975243
1.53 0.0525016 -0.0911832 0.974199
1.54 0.052189 0.0743731 0.975419
1.55 0.0532433 -0.0132694 0.970572
1.56 0.0538298 -0.0815764 0.969566
1.57 0.05234 0.0614959 0.97187
1.58 0.0524092 0.0289796 0.972527
1.59 0.0517283 0.0899797 0.972978
1.6 0.0518118 0.0491039 0.973572
1.61 0.0527734 -0.0248627 0.969703
1.62 0.052981 -0.0430815 0.973898
1.63 0.0529288 0.00143059 0.970192
1.64 0.0534954 0.036247 0.971462
1.65 0.052397 0.0609143 0.969426
1.66 0.0531026 -0.034575 0.972198
1.67 0.0524037 -0.0878196 0.97156
1.68 0.0524512 0.0542609 0.975299
1.69 0.0530268 -0.0388029 0.971416
1.7 0.0517473 0.0174907 0.970174
1.71 0.0523122 -0.0360732 0.970417
1.72 0.0523931 0.0317505 0.97443
1.73 0.0526752 -0.00510016 0.972275
1.74 0.0506685 -0.0565925 0.97142
1.75 0.051609 0.0211937 0.969363
1.76 0.0533659 -0.0330437 0.976812
1.77 0.0534401 0.00277108 0.971512
1.78 0.0537825 0.0155176 0.973355
1.79 0.0515857 -0.0213461 0.971234
1.8 0.0514672 -0.0395507 0.969838
1.81 0.0534875 0.0129142 0.973126
1.82 0.0526892 0.00870449 0.972505
1.83 0.0509708 -0.00504981 0.973041
1.84 0.0527761 0.0494257 0.967183
1.85 0.0524905 -0.00429517 0.970821
1.86 0.0546197 -0.0284157 0.97118
1.87 0.0519837 -0.00816344 0.97182
1.88 0.0520507 0.0114384 0.971038
1.89 0.0536439 -0.00449531 0.971048
1.9 0.0545164 0.0315605 0.971258
1.91 0.0532589 -0.00130386 0.978566
1.92 0.050486 0.0216827 0.972767
1.93 0.0512345 -0.00237424 0.971693
1.94 0.0520046 0.00144367 0.968507
1.95 0.0525983 0.0107661 0.971311
1.96 0.0542441 0.00700665 0.971695
1.97 0.0515297 0.0205529 0.972112
1.98 0.0526339 -0.0359703 0.974219
1.99 0.0531742 0.0153955 0.972951
2 0.0526296 -0.00284283 0.969114
2.01 0.052471 -0.0103534 0.971974
2.02 0.0527849 -0.00173508 0.96866
2.03 0.0513013 0.0253116 0.971618
2.04 0.0537265 0.0227282 0.970929
2.05 0.0528861 -0.00101114 0.978761
2.06 0.052542 -0.00950469 0.973107
2.07 0.0532403 0.00496672 0.975019
2.08 0.0527584 0.0217826 0.97355
2.09 0.0532171 -0.00940449 0.969317
2.1 0.0523642 -0.00274108 0.972196
2.11 0.0538118 0.021624 0.972035
2.12 0.0521707 0.0205482 0.971715
2.13 0.0517863 -0.00941461 0.970068
2.14 0.0521559 0.00972924 0.969544
2.15 0.0531867 0.0165258 0.970069
2.16 0.0527654 -0.0178337 0.97424
2.17 0.0520278 0.000624135 0.971013
2.18 0.0534865 0.00815548 0.97026
2.19 0.0526365 -0.00575529 0.973278
2.2 0.0512735 -0.00951762 0.97166
2.21 0.0522277 -0.0102652 0.971617
2.22 0.0512907 -0.000310992 0.974959
2.23 0.0527752 0.00629119 0.974157
2.24 0.0527766 0.0143111 0.971167
2.25 0.0509026 0.0041391 0.973042
2.26 0.0523163 0.00264953 0.974157
2.27 0.0520542 0.0034644 0.972543
2.28 0.0513821 -0.00559217 0.974637
2.29 0.0517685 -0.010362 0.973863
2.3 0.0525225 -0.013977 0.972376
2.31 0.0512822 -0.00421201 0.974337
2.32 0.0526522 -0.00256755 0.9724
2.33 0.0531621 -0.0181001 0.972475
2.34 0.0529272 -0.000918903 0.971973
2.35 0.0532736 -0.00673699 0.973377
2.36 0.0541576 -0.00126996 0.972148
2.37 0.0526681 0.0144764 0.97068
2.38 0.0515815 0.00129342 0.974454
2.39 0.0522053 -0.0230494 0.97248
2.4 0.0527876 0.00920691 0.968196
2.41 0.0526342 0.0136872 0.973995
2.42 0.0546911 -0.0102282 0.973588
2.43 0.052342 -0.00117957 0.972423
2.44 0.0526573 -0.00395758 0.972874
2.45 0.0510247 -0.00819194 0.972026
2.46 0.0534977 0.00972098 0.975497
2.47 0.0521235 -0.0013645 0.978333
2.48 0.0534698 0.00142739 0.968358
2.49 0.0528034 -0.0220497 0.975617
2.5 0.0530575 0.00182134 0.972378
2.51 0.0522493 0.0199486 0.973646
2.52 0.052317 0.0123255 0.969967
2.53 0.0530254 0.00115888 0.972542
2.54 0.0520198 0.00340779 0.975305
2.55 0.0528195 0.00336506 0.975549
2.56 0.0531715 -0.00253069 0.968556
2.57 0.0510836 0.00915588 0.973819
2.58 0.0526552 -0.00968152 0.973241
2.59 0.0519156 -0.00017651 0.972916
2.6 0.0530053 -0.00931024 0.970955
2.61 0.0538751 -0.00213645 0.966546
2.62 0.0520858 -0.00600715 0.975547
2.63 0.0519701 -0.00145647 0.977806
2.64 0.0524906 0.00984283 0.975398
2.65 0.053124 0.00437702 0.96809
2.66 0.0534956 0.00871622 0.973302
2.67 0.0532476 0.0260589 0.969996
2.68 0.0522436 0.00125185 0.969356
2.69 0.0525928 -0.00507337 0.971526
2.7 0.0535053 0.00988888 0.968551
2.71 0.051979 0.00337676 0.970816
2.72 0.0547379 -0.00139489 0.972928
2.73 0.0530421 0.0005942 0.967882
2.74 0.0508523 -0.0132986 0.970312
2.75 0.0513352 -0.00617835 0.973129
2.76 0.0530912 -0.00140176 0.973517
2.77 0.0534721 -0.00453809 0.973013
2.78 0.0530358 -0.0030923 0.973881
2.79 0.0519644 -0.0190854 0.971616
2.8 0.0532438 0.0193471 0.974611
2.81 0.0529438 -0.00732285 0.974433
2.82 0.0501914 0.0123903 0.977751
2.83 0.0538272 0.000277046 0.971719
2.84 0.0527392 -0.00852486 0.971057
2.85 0.0521057 0.0195099 0.969645
2.86 0.0529929 -0.0187344 0.971117
2.87 0.0530415 -0.00282482 0.977482
2.88 0.0516971 -0.00352477 0.974926
2.89 0.052519 0.00387961 0.97456
2.9 0.0522603 -0.00512324 0.968382
2.91 0.052228 -0.000445807 0.970635
2.92 0.0528856 0.00357446 0.974817
2.93 0.051977 0.00869837 0.974115
2.94 0.0518247 0.0199846 0.971621
2.95 0.0537604 -0.00677857 0.973009
2.96 0.0524834 0.00203551 0.971862
2.97 0.0533157 -0.00710756 0.967494
2.98 0.0524857 -0.0112542 0.975829
2.99 0.0521529 0.0277701 0.973403
3 0.0521079 -0.00431135 0.970471
3.01 0.0534853 0.0154987 0.972928
3.02 0.0539461 0.0215203 0.971815
3.03 0.0520558 0.0117613 0.971863
3.04 0.0531732 0.0221807 0.9729
3.05 0.050865 -0.0195537 0.975038
3.06 0.0515883 0.0209926 0.969499
3.07 0.0542042 -0.00422727 0.968978
3.08 0.051166 -0.0178022 0.971327
3.09 0.0524891 -0.0197815 0.97087
3.1 0.0516429 9.76335e-05 0.970563
3.11 0.0518184 -0.029759 0.973792
3.12 0.0530024 0.00535759 0.97515
3.13 0.0525183 0.00932912 0.972477
3.14 0.0525356 0.00615844 0.972614
3.15 0.0513285 0.000718555 0.980218
3.16 0.0538725 0.0164058 0.966523
3.17 0.0533085 -0.00903995 0.971103
3.18 0.0525092 -0.00658832 0.976119
3.19 0.0546043 -0.0211205 0.971599
3.2 0.0523324 -0.0226037 0.971891
3.21 0.0513169 -0.00166463 0.97068
3.22 0.0520976 -0.00214401 0.97255
3.23 0.052791 -0.0053642 0.972408
3.24 0.0530006 0.0113381 0.975069
3.25 0.0514528 0.0137834 0.969358
3.26 0.0533775 -0.010572 0.969908
3.27 0.053419 -0.00585256 0.969029
3.28 0.0517703 0.00921148 0.974913
3.29 0.0525938 -0.00209859 0.972517
3.3 0.0528417 -0.000178273 0.97457
3.31 0.0514805 0.00272355 0.969429
3.32 0.0523265 -0.0161698 0.9709
3.33 0.0513706 0.0061602 0.975117
3.34 0.0534272 0.0109326 0.972316
3.35 0.0527694 0.00852493 0.970193
3.36 0.0523688 -0.00574001 0.974442
3.37 0.0539476 0.00484291 0.972301
3.38 0.0520105 0.0100769 0.9719
3.39 0.0524983 0.0124585 0.972371
3.4 0.0524501 -0.00946958 0.971673
3.41 0.0533242 -0.00400869 0.968497
3.42 0.0514921 0.00385025 0.97022
3.43 0.0528323 0.00887349 0.973449
3.44 0.0529427 0.00548568 0.974891
3.45 0.0517012 0.0140599 0.97605
3.46 0.0520955 0.027931 0.974435
3.47 0.0530723 0.00166209 0.975831
3.48 0.0532242 0.0247391 0.970206
3.49 0.0516535 0.0202489 0.968592
3.5 0.0504728 0.0212082 0.970117
3.51 0.0526041 -0.00740586 0.973052
3.52 0.0509282 0.0132093 0.973023
3.53 0.0538851 0.0171498 0.971244
3.54 0.0510961 -0.00573749 0.97192
3.55 0.0524522 0.0012913 0.969232
3.56 0.0531266 -0.00204162 0.973555
3.57 0.049732 -0.0107622 0.97299
3.58 0.0538058 0.00667244 0.972906
3.59 0.0528687 0.00242916 0.971538
3.6 0.0527822 0.000523681 0.974473
3.61 0.0520767 -0.0209836 0.974475
3.62 0.0508205 0.00686163 0.973832
3.63 0.0520201 0.0134167 0.974487
3.64 0.0538834 -0.00237706 0.972693
3.65 0.0523746 -0.00290344 0.971917
3.66 0.0516133 -0.0141522 0.970523
3.67 0.05391 -0.0181484 0.972155
3.68 0.0527653 -0.00594351 0.969949
3.69 0.0537245 -0.0179093 0.970795
3.7 0.0538206 0.00865677 0.96949
3.71 0.0533851 0.0028857 0.972061
3.72 0.0520805 -0.00542867 0.972937
3.73 0.0520702 -0.00356298 0.969533
3.74 0.0533234 -0.0110923 0.97148
3.75 0.0524258 -0.00150886 0.973387
3.76 0.0528108 -0.0124291 0.968251
3.77 0.0535397 0.00287053 0.972669
3.78 0.0543107 -0.0159588 0.971051
3.79 0.0527942 0.0174774 0.969338
3.8 0.0527249 -0.000527646 0.971352
3.81 0.0524152 0.0213157 0.970087
3.82 0.0547994 -0.0039139 0.970187
3.83 0.0544358 0.00670671 0.97029
3.84 0.0511706 0.0086832 0.973573
3.85 0.0528691 -0.000751399 0.971707
3.86 0.0512757 -0.00955416 0.974577
3.87 0.0520095 -0.0025656 0.972396
3.88 0.0537508 -0.0221073 0.967855
3.89 0.0516114 0.0197617 0.97535
3.9 0.0535974 -0.0266081 0.973354
3.91 0.0534118 -0.00166367 0.970971
3.92 0.0522212 -0.0173472 0.975111
3.93 0.052666 0.0220329 0.965796
3.94 0.054353 0.00788357 0.972525
3.95 0.0520915 0.0177912 0.980383
3.96 0.0539131 0.00616927 0.978052
3.97 0.0508435 0.00546523 0.971248
3.98 0.0520228 -0.000668154 0.971372
3.99 0.0520265 -0.0330917 0.97528
4 0.0524003 0.00523436 0.971761
4.01 0.0532329 -0.00435062 0.969068
4.02 0.0524521 -0.00200551 0.976429
4.03 0.053217 -0.000832169 0.97673
4.04 0.0516701 0.0115061 0.970885
4.05 0.0545223 -0.00227601 0.972478
4.06 0.0537761 0.00204 0.973798
4.07 0.0533089 0.0118901 0.97337
4.08 0.0523158 -0.0136451 0.975334
4.09 0.0515178 0.0280737 0.97545
4.1 0.0554731 -0.0134736 0.974933
4.11 0.0538533 0.0233721 0.975668
4.12 0.0535493 0.0106182 0.977378
4.13 0.0519299 -0.00325895 0.971589
4.14 0.0513104 -0.0173087 0.973444
4.15 0.051249 0.00434385 0.976929
4.16 0.0518076 -0.00574098 0.976346
4.17 0.054247 0.00733091 0.970177
4.18 0.0497602 0.0148333 0.975119
4.19 0.0505224 0.00410271 0.971666
4.2 0.0518181 0.00140302 0.976605
4.21 0.0532987 0.00197318 0.969371
4.22 0.0526222 -0.0212772 0.972665
4.23 0.0541743 -0.0082039 0.974383
4.24 0.0530063 -0.00667448 0.972331
4.25 0.0524344 -0.00552508 0.974339
4.26 0.0510083 -0.0119376 0.970402
4.27 0.0514873 -0.0201749 0.973093
4.28 0.0520921 -0.00480572 0.974961
4.29 0.0539801 0.0129379 0.972333
4.3 0.0515717 0.0062164 0.968761
4.31 0.0513905 0.0322499 0.972557
4.32 0.0524469 0.000995155 0.971411
4.33 0.0530877 0.0201781 0.970119
4.34 0.0529553 0.00324612 0.974811
4.35 0.052758 -0.023877 0.972732
4.36 0.0522093 -0.00673986 0.971245
4.37 0.0541735 -0.00604282 0.971323
4.38 0.0517958 0.00637703 0.971665
4.39 0.0507416 0.00547683 0.973548
4.4 0.0522422 -0.00530682 0.978697
4.41 0.051979 -0.0109042 0.973273
4.42 0.05211 -0.0114857 0.972858
4.43 0.050461 0.0151508 0.97817
4.44 0.0520386 0.00397507 0.969526
4.45 0.0520244 -0.0160589 0.965659
4.46 0.054399 0.00235998 0.972229
4.47 0.0506051 -0.0152048 0.973426
4.48 0.0534469 -0.00174921 0.968885
4.49 0.0513353 -0.0114501 0.971731
4.5 0.0522167 0.00477336 0.972836
4.51 0.0525004 -0.00278307 0.978933
4.52 0.052005 0.0193492 0.975892
4.53 0.0536008 -0.0218294 0.974402
4.54 0.0509884 -0.0127317 0.972794
4.55 0.0545117 0.0100154 0.961935
4.56 0.053329 0.00506761 0.974782
4.57 0.0546796 -0.00814014 0.974843
4.58 0.0530305 0.000254056 0.973519
4.59 0.0523599 -0.015023 0.971759
4.6 0.0523846 0.0087174 0.974725
4.61 0.0548189 0.0392799 0.970109
4.62 0.0525423 0.0236711 0.96919
4.63 0.0528797 0.0209859 0.970251
4.64 0.0537338 0.00176692 0.96808
4.65 0.0517431 0.00148162 0.977043
4.66 0.0529827 0.00636389 0.969442
4.67 0.0534198 -0.00613999 0.969752
4.68 0.0507682 -0.00708438 0.972311
4.69 0.0538591 -0.002621 0.972053
4.7 0.0544782 0.00509861 0.972592
4.71 0.0536067 0.0397453 0.980187
4.72 0.0533372 0.00558229 0.973498
4.73 0.0545649 -0.0167232 0.97177
4.74 0.0524917 -0.0214875 0.97744
4.75 0.053755 0.00785667 0.972845
4.76 0.0517003 0.0220461 0.970672
4.77 0.0528704 -0.00141789 0.972464
4.78 0.0549838 0.0210624 0.972513
4.79 0.0514451 0.0146939 0.972891
4.8 0.0546683 0.00121253 0.970552
4.81 0.0528509 0.0196831 0.973211
4.82 0.0541426 -0.0118638 0.971273
4.83 0.0511054 -0.00803429 0.970272
4.84 0.0547738 -0.0045103 0.968313
4.85 0.0520759 0.0136341 0.971437
4.86 0.0535225 0.0135956 0.972125
4.87 0.0527263 -0.0164664 0.975331
4.88 0.0512362 0.00627725 0.970959
4.89 0.0526382 -0.000669683 0.97848
4.9 0.0535327 -0.00860981 0.97329
4.91 0.0514771 0.0245887 0.973457
4.92 0.0514861 0.0194615 0.979622
4.93 0.0520284 -0.0104025 0.972909
4.94 0.0521997 -0.002594 0.970893
4.95 0.0512275 0.00367802 0.974358
4.96 0.0494876 -0.00374137 0.970906
4.97 0.0535262 -0.00962437 0.971751
4.98 0.0548768 -0.006034 0.975825
4.99 0.052206 0.0222829 0.973392
5 0.0506092 -0.0146023 0.979077
5.01 0.0530098 0.005166 0.976342
5.02 0.0515597 0.0188637 0.97271
5.03 0.0536563 -0.0273828 0.968232
5.04 0.0525073 0.0301945 0.970429
5.05 0.0539356 0.0184848 0.975868
5.06 0.0505918 0.011354 0.971135
5.07 0.0517085 0.00885583 0.970066
5.08 0.053364 0.0241594 0.973207
5.09 0.054412 -0.0269647 0.970417
5.1 0.0527019 0.00498818 0.971917
5.11 0.0538144 -0.0164942 0.966801
5.12 0.0544953 0.0401809 0.975535
5.13 0.052976 0.00122837 0.9753
5.14 0.0533826 0.00243347 0.972271
5.15 0.0524699 0.0385996 0.976655
5.16 0.0522532 -0.0137269 0.966884
5.17 0.053686 -0.0206853 0.972922
5.18 0.0514998 0.00607359 0.976474
5.19 0.0519887 0.0294283 0.970329
5.2 0.0521664 -0.00574826 0.97199
5.21 0.0514411 -0.000599123 0.971451
5.22 0.0519965 0.00606209 0.971528
5.23 0.0522311 -0.00760156 0.971372
5.24 0.0524211 -0.00930851 0.973633
5.25 0.052844 -0.0220196 0.966977
5.26 0.0501169 -0.0162988 0.974319
5.27 0.0537116 -0.0156683 0.970711
5.28 0.0542848 0.0154938 0.972795
5.29 0.0519069 -0.0313647 0.975184
5.3 0.0538407 0.00106054 0.97125
5.31 0.0529113 -0.0076198 0.97625
5.32 0.0525002 0.00044358 0.97216
5.33 0.0525248 -0.00610592 0.963918
5.34 0.0517614 0.0164955 0.972254
5.35 0.0532985 0.0262748 0.962703
5.36 0.052496 -0.00476544 0.974069
5.37 0.0523945 0.000767011 0.97107
5.38 0.0528684 0.0193598 0.971046
5.39 0.0504677 -0.0128727 0.971479
5.4 0.0520116 -0.017539 0.974839
5.41 0.0521499 0.00639947 0.971919
5.42 0.0529303 -0.00808479 0.973146
5.43 0.0540949 0.0260518 0.971445
5.44 0.051599 7.90414e-05 0.977804
5.45 0.0548154 -0.00685168 0.971297
5.46 0.0519597 0.0227097 0.96364
5.47 0.0525419 -0.00681246 0.975505
5.48 0.0515051 -0.0155988 0.969357
5.49 0.054402 -0.00280743 0.969427
5.5 0.050923 -0.00675433 0.973769
5.51 0.0540292 -0.00575699 0.973755
5.52 0.053054 0.0236846 0.97302
5.53 0.0537489 -0.00439342 0.970124
5.54 0.0536292 4.2759e-05 0.970718
5.55 0.0529277 0.016336 0.97581
5.56 0.0549647 0.00116108 0.975282
5.57 0.0551261 -0.0100636 0.971959
5.58 0.0509487 -0.00428734 0.977931
5.59 0.0509914 0.0150889 0.974969
5.6 0.0510017 0.00566569 0.969956
5.61 0.0527454 0.01401 0.979717
5.62 0.0520722 0.0181929 0.971977
5.63 0.0527861 0.0266002 0.968343
5.64 0.0511087 -0.0128881 0.970826
5.65 0.0524435 0.00540491 0.974176
5.66 0.053297 0.00867169 0.973077
5.67 0.0515329 0.00132294 0.971579
5.68 0.0522628 -0.00277634 0.973851
5.69 0.0513206 -0.00731722 0.970936
5.7 0.0521712 -0.0248737 0.97294
5.71 0.0528754 -0.0293105 0.967415
5.72 0.0508919 0.00291896 0.977042
5.73 0.0538462 -0.00021833 0.975206
5.74 0.0505629 -0.0226187 0.97128
5.75 0.0531326 0.0123148 0.972689
5.76 0.050386 0.0138722 0.970699
5.77 0.0542006 0.0201922 0.975267
5.78 0.052519 0.00971413 0.978223
5.79 0.0535567 -0.0122559 0.971377
5.8 0.0526085 -0.000201455 0.977874
5.81 0.0510181 -0.0106501 0.975992
5.82 0.0534319 -0.00431866 0.973711
5.83 0.0535713 0.0405529 0.971192
5.84 0.0507252 -0.0204467 0.969328
5.85 0.052963 -0.0319363 0.975142
5.86 0.0533559 -0.0347263 0.965303
5.87 0.0518211 0.0182265 0.974493
5.88 0.0541159 0.00180076 0.97531
5.89 0.0538138 0.0082816 0.975038
5.9 0.0529603 -0.00708065 0.974416
5.91 0.0528191 -0.00609217 0.97119
5.92 0.054164 0.000198664 0.975019
5.93 0.0527181 -0.00252329 0.973036
5.94 0.0523622 -0.00400615 0.973885
5.95 0.0500625 0.0120618 0.975439
5.96 0.0548624 0.0299714 0.971953
5.97 0.0544211 0.0331394 0.970482
5.98 0.0582126 -0.00257117 0.966283
5.99 0.0530985 -0.0222379 0.971911
6 0.0539126 0.00560345 0.979507
6.01 0.0521471 0.00611239 0.96901
6.02 0.0527043 -0.0135329 0.972164
6.03 0.0506113 0.00749788 0.975301
6.04 0.0513052 -0.0110528 0.973023
6.05 0.0527852 0.00945393 0.976759
6.06 0.050662 0.000164553 0.968367
6.07 0.0541489 -0.0230445 0.971549
6.08 0.0523293 0.00724758 0.970389
6.09 0.0533175 0.0299825 0.973123
6.1 0.0549117 0.032052 0.970004
6.11 0.0529354 0.0128604 0.970136
6.12 0.0531545 -0.0157891 0.969873
6.13 0.0524056 -0.0239113 0.973549
6.14 0.0540631 0.00152543 0.973292
6.15 0.0494305 -0.0164819 0.97343
6.16 0.0523693 -0.0195018 0.972797
6.17 0.0504527 -0.0156668 0.976713
6.18 0.0516804 0.0264135 0.970592
6.19 0.0519248 0.0126643 0.973316
6.2 0.0554823 0.00271978 0.972844
6.21 0.0521815 0.0189828 0.975348
6.22 0.052831 -0.0107539 0.9771
6.23 0.0530171 0.0138591 0.975125
6.24 0.0515451 0.000107779 0.977539
6.25 0.0498748 0.00483777 0.971014
6.26 0.053758 -0.00941511 0.970334
6.27 0.0529849 0.0198111 0.965617
6.28 0.0515284 0.00922717 0.967813
6.29 0.051411 -0.0226692 0.97243
6.3 0.0521069 -0.0324398 0.970583
6.31 0.050417 0.0113387 0.975155
6.32 0.053631 0.000623947 0.968758
6.33 0.0518331 0.0178197 0.966766
6.34 0.0523376 -0.0103872 0.973006
6.35 0.0517836 -0.0142878 0.970112
6.36 0.0544927 0.0510374 0.976132
6.37 0.0505124 0.0219215 0.974512
6.38 0.0514644 -0.0187877 0.973977
6.39 0.0513565 0.020699 0.972383
6.4 0.052895 -0.0235383 0.968952
6.41 0.0506869 0.00308033 0.972038
6.42 0.0514088 0.00909412 0.974126
6.43 0.0506207 -0.0146227 0.974868
6.44 0.0533675 0.0142013 0.968171
6.45 0.0522985 -0.0117136 0.975271
6.46 0.0524183 0.00201203 0.966925
6.47 0.0513753 -0.0148862 0.979649
6.48 0.0525855 0.00929588 0.968792
6.49 0.0504376 0.0175519 0.968387
6.5 0.0526404 -0.0060749 0.966719
6.51 0.0529754 -0.00756405 0.968335
6.52 0.0548153 0.0100665 0.967514
6.53 0.0530758 -0.00391866 0.972955
6.54 0.0518801 0.0258613 0.967365
6.55 0.0531481 -0.0170803 0.971129
6.56 0.0519535 0.0260731 0.96446
6.57 0.0510351 0.0203613 0.970765
6.58 0.0527325 -0.0346175 0.973091
6.59 0.0534902 -0.0145582 0.972124
6.6 0.0578191 -0.0149751 0.970219
6.61 0.0498634 -0.00127621 0.966099
6.62 0.0555059 -0.00789415 0.973215
6.63 0.0500582 0.0103834 0.973308
6.64 0.0519516 -0.0199291 0.974068
6.65 0.0516218 -0.008468 0.977672
6.66 0.0518196 -0.00706315 0.977946
6.67 0.0505188 0.0102558 0.973269
6.68 0.0514902 -0.00487848 0.973991
6.69 0.0527757 -0.0250592 0.972367
6.7 0.0526882 -0.00109567 0.975572
6.71 0.0522517 -0.0124356 0.968666
6.72 0.0550541 -0.0335558 0.968675
6.73 0.0530098 0.00713283 0.974123
6.74 0.0520395 -0.00624755 0.973516
6.75 0.049599 -0.0245367 0.973576
6.76 0.0515334 -0.018353 0.974037
6.77 0.0517002 -0.0211302 0.97423
6.78 0.0530493 0.00384735 0.973681
6.79 0.0525212 0.00339048 0.972469
6.8 0.0541268 0.00877398 0.97066
6.81 0.0529021 0.0153235 0.975826
6.82 0.0522182 -0.0276122 0.969404
6.83 0.0533845 0.000363025 0.975692
6.84 0.0527584 0.0213138 0.9727
6.85 0.0495579 -0.00878723 0.967757
6.86 0.051278 -0.0238332 0.975075
6.87 0.0533414 0.0408745 0.975631
6.88 0.050669 -0.041461 0.976948
6.89 0.0517794 -0.00841826 0.973421
6.9 0.0553745 0.00427824 0.967081
6.91 0.051351 0.0149318 0.974389
6.92 0.0509468 0.0172078 0.9771
6.93 0.0533185 -0.0484147 0.975329
6.94 0.0532369 -0.0404682 0.974547
6.95 0.0509713 -0.0130602 0.968039
6.96 0.052549 -0.0240214 0.969607
6.97 0.0513441 -0.0235001 0.977111
6.98 0.053367 0.0254202 0.969715
6.99 0.0503481 -0.00579607 0.981722
7 0.0546529 -0.0222348 0.969587
7.01 0.0512658 0.0127197 0.975357
7.02 0.0495412 0.0390817 0.973697
7.03 0.0529443 -0.004196 0.977043
7.04 0.0517723 0.0079043 0.976107
7.05 0.0528849 -0.0088456 0.971992
7.06 0.051599 -0.00847089 0.968359
7.07 0.0541123 0.00312036 0.974571
7.08 0.0546835 -0.0140957 0.977211
7.09 0.0539945 -0.0109235 0.970544
7.1 0.0496995 -0.045711 0.968556
7.11 0.0524149 0.017723 0.969715
7.12 0.052917 0.0148526 0.970957
7.13 0.0525269 0.0162596 0.97095
7.14 0.0532093 0.0115486 0.967179
7.15 0.0534253 0.0181915 0.976715
7.16 0.0517159 -0.0129556 0.963191
7.17 0.0513482 0.0339187 0.973014
7.18 0.052499 -0.0294753 0.975284
7.19 0.0537759 -0.00452025 0.97862
7.2 0.0516225 -0.0263247 0.972365
7.21 0.0531276 0.0316251 0.973877
7.22 0.0526146 0.0277382 0.969069
7.23 0.0549371 -0.00957368 0.970778
7.24 0.0511388 0.00780066 0.972287
7.25 0.051643 -0.0170043 0.974961
7.26 0.0534212 0.00103563 0.976502
7.27 0.0531025 -0.0113595 0.970611
7.28 0.0514837 -0.0136157 0.971005
7.29 0.0500618 0.0024867 0.970224
7.3 0.0523673 0.026096 0.972664
7.31 0.0521886 -0.00323636 0.969069
7.32 0.0519099 0.0172868 0.9739
7.33 0.0534329 0.0259366 0.965731
7.34 0.0525282 0.00668397 0.977089
7.35 0.0513826 0.0275282 0.968932
7.36 0.053702 -0.00832248 0.96824
7.37 0.0541845 0.00960405 0.974394
7.38 0.0530756 -0.00543512 0.976997
7.39 0.052029 -0.0176884 0.970526
7.4 0.0538038 0.0164558 0.971379
7.41 0.0518882 0.0160962 0.96853
7.42 0.0549422 -0.00739252 0.962712
7.43 0.0535769 -0.0161819 0.969191
7.44 0.0515905 -0.0198343 0.972832
7.45 0.0493291 0.0142471 0.974031
7.46 0.0503298 0.0280069 0.969635
7.47 0.0516724 -0.013028 0.967466
7.48 0.0544817 0.0160896 0.971645
7.49 0.0528564 0.0124958 0.968243
7.5 0.0515515 0.0144215 0.972566
7.51 0.0554842 -0.0279551 0.964661
7.52 0.053473 0.019232 0.9748
7.53 0.0527216 0.0163704 0.968253
7.54 0.0504237 0.0380197 0.974299
7.55 0.0529722 0.0182032 0.972973
7.56 0.0543034 0.00601901 0.973585
7.57 0.0533496 0.00177547 0.968927
7.58 0.0541521 -0.0222117 0.966737
7.59 0.0512912 -0.0264753 0.977306
7.6 0.0542283 -0.0269027 0.975971
7.61 0.0518335 0.0159372 0.970119
7.62 0.0538385 0.0110102 0.971941
7.63 0.0547842 -0.0128463 0.973915
7.64 0.0510032 -0.0158979 0.973398
7.65 0.0524834 0.0210694 0.967887
7.66 0.0515157 0.0318276 0.974374
7.67 0.0539667 -0.00299269 0.969694
7.68 0.0524406 0.0330753 0.970543
7.69 0.050036 0.0206422 0.980935
7.7 0.0539102 -0.0228549 0.975192
7.71 0.0524426 -0.00887755 0.978497
7.72 0.0512529 0.0103057 0.976737
7.73 0.0529128 0.00708446 0.971107
7.74 0.0530947 0.00686966 0.968849
7.75 0.0485823 0.0216484 0.979894
7.76 0.0517507 0.000518034 0.971125
7.77 0.0516876 -0.00325159 0.973492
7.78 0.0517985 0.00366209 0.971667
7.79 0.0511356 0.0206724 0.974036
7.8 0.0538842 0.022244 0.972137
7.81 0.0564792 -0.00410414 0.968717
7.82 0.0505911 -0.011599 0.973509
7.83 0.0521085 0.0476559 0.974866
7.84 0.0555145 0.00455487 0.976301
7.85 0.0546439 0.00291905 0.974459
7.86 0.0538125 0.00293055 0.969861
7.87 0.0524104 -0.0234322 0.965809
7.88 0.0544124 0.00703563 0.977247
7.89 0.0502805 0.0143305 0.976819
7.9 0.0504153 -0.0138519 0.97056
7.91 0.0538054 -0.00292506 0.973201
7.92 0.0496202 -0.0118959 0.968961
7.93 0.0550802 -0.00505049 0.972885
7.94 0.0522091 -0.00629644 0.977871
7.95 0.0506086 0.0177702 0.968098
7.96 0.0507283 -0.00523262 0.977469
7.97 0.052104 0.0486582 0.973875
7.98 0.0541736 0.00771535 0.966997
7.99 0.0548546 -0.0156523 0.970724
8 0.0539551 -0.00525204 0.974297
8.01 0.0520328 -0.00163152 0.969701
8.02 0.0518033 -0.00161953 0.975025
8.03 0.0512818 -0.00442746 0.978025
8.04 0.0518389 -0.00378047 0.972558
8.05 0.0529289 -0.0039196 0.979894
8.06 0.0517646 -0.0242484 0.969711
8.07 0.049421 -0.0100923 0.972661
8.08 0.0539731 0.00162862 0.979535
8.09 0.051724 0.016745 0.973867
8.1 0.0546828 0.0331065 0.962671
8.11 0.0534894 0.0108976 0.968905
8.12 0.0481566 -0.0175423 0.963039
8.13 0.0544789 0.0277345 0.969597
8.14 0.0506919 -0.0115671 0.976504
8.15 0.0515467 -0.00906677 0.963285
8.16 0.0499477 -0.0189228 0.970094
8.17 0.0488424 -0.00513981 0.976783
8.18 0.0532005 0.0491305 0.965221
8.19 0.0515775 0.0370761 0.976364
8.2 0.0502172 -0.00295639 0.972371
8.21 0.0518731 -0.0233687 0.973346
8.22 0.0522434 -0.024186 0.968522
8.23 0.0532861 -0.0286987 0.971213
8.24 0.050471 -0.0158376 0.975969
8.25 0.0506894 -0.0185855 0.97575
8.26 0.0547682 -0.0163777 0.971084
8.27 0.0514613 -0.0170823 0.973016
8.28 0.0511427 -0.00257406 0.9692
8.29 0.0506154 0.00248091 0.97369
8.3 0.0524199 0.000952354 0.96667
8.31 0.0524978 -0.0125661 0.971094
8.32 0.0479265 -0.0306025 0.976718
8.33 0.0523518 -0.00707684 0.975961
8.34 0.0512319 0.0138757 0.980242
8.35 0.054421 -0.0128121 0.97296
8.36 0.0558593 0.017023 0.973455
8.37 0.0518511 -0.0315642 0.980812
8.38 0.0532319 -0.0247198 0.967022
8.39 0.0551674 0.00338233 0.972231
8.4 0.0518626 0.0554038 0.972914
8.41 0.0552475 0.0410622 0.976782
8.42 0.0519814 -0.0109631 0.969211
8.43 0.0562647 0.0340084 0.976639
8.44 0.0518325 0.00772975 0.977322
8.45 0.0503084 -0.024956 0.971064
8.46 0.0516765 0.0374882 0.969134
8.47 0.0522218 0.0204917 0.973286
8.48 0.0518499 0.00224745 0.979004
8.49 0.05205 -0.0075576 0.964464
8.5 0.0552328 0.00756012 0.974397
8.51 0.0522594 -0.0107741 0.983301
8.52 0.0507865 -0.0241191 0.97152
8.53 0.0532387 -0.0101561 0.973698
8.54 0.0534429 -0.0234967 0.969648
8.55 0.0527597 0.011714 0.96334
8.56 0.0538842 0.0310477 0.971997
8.57 0.0515082 0.0514085 0.971917
8.58 0.0497985 -0.0206888 0.962969
8.59 0.0518387 0.00935658 0.973482
8.6 0.0528077 -0.0142919 0.974381
8.61 0.0502569 -0.0209415 0.977421
8.62 0.0529828 -0.0208342 0.971192
8.63 0.051076 0.0296374 0.975729
8.64 0.0534832 -0.0195095 0.977855
8.65 0.0534813 -0.0171684 0.964397
8.66 0.0545147 -0.00559766 0.975771
8.67 0.0531944 0.0140361 0.976829
8.68 0.051707 -0.006815 0.966081
8.69 0.0522688 0.00768616 0.973928
8.7 0.0508787 -0.0112105 0.970592
8.71 0.0529159 0.0220403 0.971209
8.72 0.0543772 0.000951429 0.978039
8.73 0.0538313 0.0164085 0.972322
8.74 0.0519571 -0.0200876 0.985081
8.75 0.05307 0.0404313 0.977496
8.76 0.0508709 0.0411813 0.981242
8.77 0.0522866 0.0126154 0.975046
8.78 0.0524643 0.0380126 0.970221
8.79 0.0551985 0.00634911 0.970315
8.8 0.0533416 0.00284421 0.973464
8.81 0.0566254 -0.00418742 0.965828
8.82 0.0537164 0.0193095 0.965917
8.83 0.0532607 0.0110599 0.976465
8.84 0.0534236 -0.00365404 0.964509
8.85 0.0515379 -0.000724748 0.978377
8.86 0.0508151 0.00363054 0.971283
8.87 0.0537493 -0.0151748 0.974752
8.88 0.0526425 0.0112751 0.975566
8.89 0.0520218 -0.0247021 0.977034
8.9 0.0525078 0.030798 0.969389
8.91 0.0492607 -0.0185824 0.981247
8.92 0.0538055 0.0181634 0.97382
8.93 0.051831 -0.0301029 0.971253
8.94 0.0515924 0.0194843 0.971067
8.95 0.0523648 0.0037506 0.965179
8.96 0.0537999 -0.00419669 0.969
8.97 0.0534192 0.0131696 0.972881
8.98 0.0509997 0.0209428 0.971773
8.99 0.0526074 -0.0227935 0.981668
9 0.0557593 -0.00454877 0.974114
9.01 0.0532468 -0.0190259 0.98574
9.02 0.0506323 0.00027004 0.972589
9.03 0.0532971 -0.0400549 0.970269
9.04 0.0514695 -0.000924307 0.972288
9.05 0.0548942 0.00684734 0.969105
9.06 0.0506142 0.0112652 0.975626
9.07 0.0511908 0.0172783 0.965315
9.08 0.0506082 0.000452565 0.978174
9.09 0.0528476 -0.00588769 0.971016
9.1 0.052622 0.00954782 0.969814
9.11 0.0566212 0.036829 0.972821
9.12 0.0528873 0.0235874 0.97966
9.13 0.052613 0.00067581 0.969435
9.14 0.0555396 0.0182645 0.980739
9.15 0.0520915 0.00093977 0.979334
9.16 0.0516576 0.00593919 0.974126
9.17 0.0533864 -0.0166999 0.972002
9.18 0.0495078 0.00445672 0.970458
9.19 0.0535691 -0.00664578 0.973279
9.2 0.0523085 0.0125232 0.969948
9.21 0.0521136 0.0161873 0.971728
9.22 0.0540372 -0.0397576 0.969133
9.23 0.0519573 0.00543821 0.966207
9.24 0.0494616 0.0272642 0.97549
9.25 0.0512255 -0.0380592 0.970777
9.26 0.053468 -0.0322773 0.972854
9.27 0.0521625 -0.0141032 0.968526
9.28 0.0526502 -0.0198497 0.966154
9.29 0.0522168 0.00114464 0.9769
9.3 0.0513023 0.000367457 0.969149
9.31 0.0532687 0.00709514 0.970543
9.32 0.051183 0.00871981 0.961395
9.33 0.0523842 -0.0100904 0.967529
9.34 0.0544217 0.00183821 0.969081
9.35 0.0514978 0.00399624 0.971228
9.36 0.0508237 0.0137541 0.969316
9.37 0.0544434 -0.0118745 0.967085
9.38 0.0493878 0.00118875 0.976131
9.39 0.0520375 0.0248078 0.977407
9.4 0.0540881 0.00707016 0.97923
9.41 0.0510634 0.054488 0.974783
9.42 0.0558403 0.00880498 0.971114
9.43 0.0511216 -0.00276079 0.974529
9.44 0.0526002 -0.0119222 0.967259
9.45 0.0509274 0.00862905 0.968459
9.46 0.0530741 0.00456538 0.973753
9.47 0.0537111 0.00648726 0.975319
9.48 0.0573109 0.0178171 0.969997
9.49 0.052753 -0.00158834 0.974558
9.5 0.0527544 0.0276807 0.96753
9.51 0.0546855 0.0413594 0.973379
9.52 0.0521278 0.0171913 0.974451
9.53 0.0495399 -0.0171759 0.968601
9.54 0.0520475 -0.0423571 0.970768
9.55 0.0517385 -0.0043389 0.972871
9.56 0.0518353 0.00625973 0.970806
9.57 0.0543465 0.00632647 0.972896
9.58 0.0489681 0.00422908 0.97879
9.59 0.0514032 -0.000446232 0.975496
9.6 0.0521246 0.0113027 0.976216
9.61 0.0503151 0.010103 0.973566
9.62 0.0535916 0.015037 0.975292
9.63 0.0530094 -0.00134705 0.974423
9.64 0.0510442 0.00560876 0.974586
9.65 0.050485 0.00635429 0.973207
9.66 0.052633 0.0126497 0.976268
9.67 0.052179 0.0603058 0.975035
9.68 0.0508261 0.0104324 0.974265
9.69 0.0538304 -0.00761753 0.986595
9.7 0.0548551 0.0275194 0.965386
9.71 0.0520655 0.0211828 0.977521
9.72 0.0504075 0.0116657 0.971501
9.73 0.0505449 0.00554843 0.973826
9.74 0.0539432 -0.00469178 0.965718
9.75 0.0508886 0.021591 0.973006
9.76 0.0516931 -0.026807 0.968179
9.77 0.0528886 0.0112079 0.974068
9.78 0.0542762 -0.00760844 0.970145
9.79 0.0520533 -0.0148074 0.972607
9.8 0.0507927 -0.0235858 0.973138
9.81 0.0516545 -0.0165676 0.969464
9.82 0.0512441 0.0183361 0.967756
9.83 0.0541479 -1.3254e-05 0.963326
9.84 0.053673 0.0395111 0.97947
9.85 0.0526132 -0.0306088 0.969684
9.86 0.0534441 -0.0393131 0.979132
9.87 0.05188 -0.00140537 0.973082
9.88 0.0528763 0.0134176 0.97287
9.89 0.0515987 0.0101171 0.964651
9.9 0.0528506 0.0141934 0.968348
9.91 0.0541866 0.00867259 0.965248
9.92 0.0553953 -0.0124152 0.97834
9.93 0.0518793 0.0358028 0.978158
9.94 0.0525081 0.0239067 0.96522
9.95 0.0540816 -0.0407381 0.969587
9.96 0.0508866 -0.0242981 0.975755
9.97 0.051189 -0.000117685 0.975981
9.98 0.0516808 -0.00373163 0.976636
9.99 0.0540079 -0.0190692 0.971117
10 0.0526493 0.029807 0.962646
10.01 0.0543552 0.0380302 0.970564
10.02 0.0523737 0.0119998 0.97393
10.03 0.0513651 0.0221522 0.973421
10.04 0.0491215 0.0295761 0.981598
10.05 0.0542744 0.0602021 0.969032
10.06 0.0531063 -0.00483774 0.965401
10.07 0.0518931 -0.000177404 0.969583
10.08 0.0551049 0.0375187 0.964171
10.09 0.0532056 0.0167752 0.974964
10.1 0.0509927 -0.00981915 0.977003
10.11 0.0527892 -0.0379335 0.977793
10.12 0.0559852 -0.0145768 0.976022
10.13 0.0511808 -0.0168001 0.970848
10.14 0.0506668 -0.00139413 0.969392
10.15 0.0503046 -0.0416561 0.97489
10.16 0.0542399 0.0451254 0.966551
10.17 0.0527627 0.00700444 0.97376
10.18 0.0551716 0.0054144 0.970667
10.19 0.0502315 -0.0402665 0.974126
10.2 0.050797 -0.00898036 0.971719
10.21 0.0505928 0.0333805 0.96438
10.22 0.0514019 0.0229996 0.975322
10.23 0.050541 0.0135087 0.975011
10.24 0.0499847 -0.0377282 0.970766
10.25 0.048725 0.0049635 0.978474
10.26 0.0525572 -0.0119649 0.971224
10.27 0.0525495 0.00936793 0.972899
10.28 0.0525838 -0.000799642 0.97038
10.29 0.052575 0.0175751 0.982297
10.3 0.0512238 0.0184294 0.973942
10.31 0.054173 -0.00783865 0.964659
10.32 0.0522891 0.0501264 0.977566
10.33 0.0530192 -0.0162029 0.977222
10.34 0.0537982 -0.0300451 0.976285
10.35 0.0544109 -0.036253 0.965616
10.36 0.0531288 0.0388865 0.965939
10.37 0.0533199 -0.0446424 0.972722
10.38 0.0525287 0.0585963 0.97126
10.39 0.0539697 -0.0142093 0.976004
10.4 0.0525084 0.0113439 0.977543
10.41 0.0530248 0.0258963 0.966642
10.42 0.0569317 -0.000267991 0.975579
10.43 0.0525263 0.0227298 0.972935
10.44 0.0563687 -0.0258658 0.969614
10.45 0.0540473 -0.0266295 0.974846
10.46 0.049655 -0.00620422 0.976769
10.47 0.0494655 -0.0240124 0.972712
10.48 0.0529401 0.0106656 0.964826
10.49 0.0530236 -0.0153369 0.971026
10.5 0.0569404 -0.00815508 0.980867
10.51 0.0523168 -0.00740939 0.970669
10.52 0.0502907 0.00751337 0.976746
10.53 0.0496952 -0.00736652 0.974799
10.54 0.0556058 -0.0431135 0.965155
10.55 0.052934 -0.0356893 0.973375
10.56 0.0513947 0.0257551 0.979921
10.57 0.0525753 0.0221505 0.977229
10.58 0.0507502 0.0134425 0.971593
10.59 0.0548891 -0.0122239 0.968923
10.6 0.0512191 0.0390736 0.969057
10.61 0.0525755 -0.00850907 0.977824
10.62 0.053726 -0.000534059 0.967433
10.63 0.0502956 0.0270252 0.980337
10.64 0.0551239 0.00927547 0.980004
10.65 0.0511658 -0.025404 0.971374
10.66 0.0554059 0.0225239 0.971459
10.67 0.0522257 -0.0147033 0.975399
10.68 0.050905 -0.0191362 0.977471
10.69 0.0543921 -0.00295669 0.967025
10.7 0.0501922 0.00359227 0.977163
10.71 0.051277 0.0130738 0.969096
10.72 0.0505621 -0.0267126 0.966331
10.73 0.0521713 -0.0113859 0.975821
10.74 0.0513163 -0.0350091 0.968533
10.75 0.0530943 -0.00437027 0.969994
10.76 0.0558442 0.0276057 0.964954
10.77 0.0519096 -0.0038294 0.977216
10.78 0.0521698 0.00987065 0.968781
10.79 0.0566594 -0.0262456 0.966026
10.8 0.0501421 0.0249837 0.965897
10.81 0.0510941 0.0276473 0.979747
10.82 0.0524012 0.00226893 0.968167
10.83 0.0538332 -0.00124288 0.969265
10.84 0.0517539 -0.0201817 0.979699
10.85 0.0535997 0.0390122 0.971061
10.86 0.0514023 -0.0138428 0.967045
10.87 0.0520271 -0.0279387 0.972957
10.88 0.0536637 0.0161935 0.971148
10.89 0.0526047 0.0343668 0.973236
10.9 0.0546117 -0.008564 0.9709
10.91 0.0513899 -0.0143624 0.967237
10.92 0.0565859 -0.00822024 0.965783
10.93 0.0524765 0.0332436 0.970753
10.94 0.0528876 0.0360298 0.976172
10.95 0.055876 0.0142847 0.970285
10.96 0.0501292 -0.0173121 0.975277
10.97 0.0527445 0.0303953 0.970355
10.98 0.0505242 -0.00819895 0.967604
10.99 0.0513154 0.0066831 0.965084
11 0.0513804 -0.0312923 0.976754
11.01 0.0544644 0.0125814 0.978191
11.02 0.0537375 -0.0216667 0.968537
11.03 0.0547204 0.00341255 0.977955
11.04 0.0559154 -0.0279786 0.972414
11.05 0.0556223 -0.0173574 0.970769
11.06 0.0513639 0.000743004 0.970533
11.07 0.0536193 -0.0142089 0.974092
11.08 0.0543029 -0.00198562 0.971062
11.09 0.0552836 0.0333078 0.957284
11.1 0.0490394 0.00478597 0.975365
11.11 0.0533021 0.000725043 0.964021
11.12 0.0510167 -0.0431885 0.975146
11.13 0.0534522 -0.0134113 0.975844
11.14 0.0568972 -0.010906 0.968418
11.15 0.0536411 -0.0200943 0.974129
11.16 0.0508268 -0.020594 0.97724
11.17 0.0525026 0.0339782 0.966707
11.18 0.0509151 -0.00755358 0.978071
11.19 0.0539905 -0.00876854 0.970065
11.2 0.0539091 -0.00130722 0.979246
11.21 0.0531764 0.00838801 0.978782
11.22 0.0505151 -0.0255205 0.969114
11.23 0.050899 -0.0184635 0.967872
11.24 0.0514875 -0.00637345 0.970581
11.25 0.0542671 -0.0260742 0.967009
11.26 0.0513069 0.0180927 0.975254
11.27 0.0495609 0.0028308 0.970254
11.28 0.0522804 -0.0235603 0.976674
11.29 0.0537671 0.00616335 0.971924
11.3 0.0507071 -0.049286 0.969324
11.31 0.0528658 0.00728867 0.978166
11.32 0.0544348 -0.00489897 0.968254
11.33 0.0579989 -0.00352615 0.972163
11.34 0.054158 0.0304712 0.967048
11.35 0.0553189 0.00502416 0.979388
11.36 0.0520997 -0.0222164 0.978583
11.37 0.0497474 -0.0326991 0.963084
11.38 0.0504809 0.0358347 0.970689
11.39 0.0544044 0.0393987 0.964637
11.4 0.0514709 0.0131405 0.966434
11.41 0.0555421 -0.00652635 0.968941
11.42 0.0534687 -0.0153193 0.980432
11.43 0.0539019 -0.0189649 0.968153
11.44 0.0560071 -0.0386057 0.969523
11.45 0.0511442 -0.0015617 0.972468
11.46 0.0497913 0.0202322 0.97531
11.47 0.0567311 0.00620812 0.969815
11.48 0.0533106 -0.0196507 0.966939
11.49 0.0540395 0.00359485 0.976396
11.5 0.0525106 0.0280163 0.968172
11.51 0.0507908 0.0351247 0.970145
11.52 0.0548282 0.00204427 0.972241
11.53 0.052224 0.00258867 0.97238
11.54 0.0515317 -0.01867 0.973326
11.55 0.0500788 -0.0218976 0.977412
11.56 0.0527956 -0.0098477 0.969682
11.57 0.0532894 0.0337238 0.978059
11.58 0.05289 -0.0161209 0.976234
11.59 0.0550162 0.029741 0.974046
11.6 0.054146 -0.000548528 0.965355
11.61 0.0519079 -0.025386 0.979861
11.62 0.0521791 -0.0260254 0.967108
11.63 0.0526018 -0.00202258 0.969543
11.64 0.0537204 0.0599652 0.967412
11.65 0.0533343 0.0309803 0.975669
11.66 0.0537844 -0.00323606 0.978111
11.67 0.050489 0.0243303 0.968674
11.68 0.0553242 -0.00183768 0.968345
11.69 0.052091 -0.0186505 0.978213
11.7 0.0525107 -0.0146363 0.975506
11.71 0.0511286 0.00519639 0.985358
11.72 0.0480718 0.0244553 0.974027
11.73 0.0536656 -0.0158791 0.975163
11.74 0.0547853 0.00230275 0.970408
11.75 0.0499468 0.0143663 0.965922
11.76 0.0528317 0.021431 0.972375
11.77 0.0491211 0.00548842 0.973196
11.78 0.0524553 0.0275922 0.976506
11.79 0.0539483 -0.0113891 0.973655
11.8 0.0538945 0.0144868 0.96933
11.81 0.0545105 0.00438649 0.977224
11.82 0.0547817 0.00733489 0.970493
11.83 0.0504182 0.0346639 0.980031
11.84 0.0517938 -0.0670526 0.971867
11.85 0.0551459 0.0196514 0.972287
11.86 0.0492773 0.0491177 0.97476
11.87 0.0529025 0.0163294 0.976779
11.88 0.0514306 -0.0387858 0.976477
11.89 0.0517192 -0.0276455 0.968463
11.9 0.0537063 -0.0139584 0.974304
11.91 0.0524136 -0.0196301 0.967317
11.92 0.0507214 -0.00851115 0.969203
11.93 0.0569156 -0.00848802 0.961302
11.94 0.0500581 0.0053602 0.975774
11.95 0.0521457 0.0284026 0.976853
11.96 0.0498128 -0.00350921 0.979297
11.97 0.0490444 -0.0291602 0.974432
11.98 0.0541912 -0.0409178 0.963615
11.99 0.0515863 -0.0210107 0.977229
12 0.0501522 -0.0161442 0.974357
12.01 0.051725 -0.00721626 0.96421
12.02 0.0533764 -0.0323541 0.974246
12.03 0.0514554 -0.00535346 0.975906
12.04 0.0515729 0.0142846 0.969103
12.05 0.0515927 -0.0107163 0.975434
12.06 0.0565399 0.0211108 0.967215
12.07 0.0527557 0.0309037 0.979185
12.08 0.0511002 0.0155011 0.974271
12.09 0.0528637 0.0532525 0.969371
12.1 0.0520766 0.0201962 0.973243
12.11 0.0530583 -0.00793463 0.976483
12.12 0.0517263 0.0383177 0.974092
12.13 0.0544973 0.0498774 0.972605
12.14 0.0529488 0.0196705 0.977253
12.15 0.0506243 0.00964451 0.967299
12.16 0.0535763 -0.0240879 0.968619
12.17 0.0526616 0.00201158 0.970617
12.18 0.0524153 -0.00340173 0.965939
12.19 0.0531742 -0.0234115 0.96848
12.2 0.0508586 -0.0214558 0.967791
12.21 0.0518395 0.0354358 0.97519
12.22 0.0529846 -0.0130147 0.972133
12.23 0.0540322 0.00722402 0.974952
12.24 0.0550911 -0.0249488 0.972912
12.25 0.0523596 0.0614137 0.967553
12.26 0.0515307 -0.0125899 0.981686
12.27 0.0556219 -0.00915888 0.973727
12.28 0.0544029 -0.0229521 0.971067
12.29 0.0549183 -0.0129397 0.968207
12.3 0.0509834 -0.0267783 0.97439
12.31 0.0521844 -0.0186255 0.965838
12.32 0.0500486 0.0112671 0.969326
12.33 0.0542892 -0.00413195 0.973497
12.34 0.0524492 0.00582781 0.972419
12.35 0.0518955 -0.0205682 0.979087
12.36 0.0522222 0.00148099 0.977597
12.37 0.0540317 -0.0265436 0.977431
12.38 0.0528097 -0.00906268 0.971666
12.39 0.0545004 0.0309772 0.971899
12.4 0.0547744 -0.0381712 0.971374
12.41 0.051884 -0.0111775 0.958149
12.42 0.0519017 -0.0294957 0.977098
12.43 0.0546368 0.0429669 0.972746
12.44 0.0541719 -0.00528364 0.9789
12.45 0.05429 0.000411543 0.971316
12.46 0.0540398 -0.0117005 0.967797
12.47 0.0545943 -0.0050265 0.974309
12.48 0.0516401 0.045892 0.966985
12.49 0.0530462 0.0261817 0.97225
12.5 0.0521289 0.0265628 0.97467
12.51 0.0489378 -0.0157708 0.978142
12.52 0.0478868 0.057508 0.969819
12.53 0.0536905 0.00145776 0.973038
12.54 0.0494646 -0.0534684 0.966023
12.55 0.0529618 0.0210696 0.975597
12.56 0.0533293 -0.00154003 0.976311
12.57 0.0516073 0.00735382 0.978606
12.58 0.0536243 -0.0149402 0.968658
12.59 0.0504892 0.00843499 0.974644
12.6 0.0536761 -0.017435 0.973293
12.61 0.053288 0.0224231 0.973283
12.62 0.0520055 0.000353705 0.967653
12.63 0.0519373 -0.0441575 0.962258
12.64 0.0487902 0.0198792 0.963378
12.65 0.0531676 -0.0175545 0.97162
12.66 0.0537678 0.00369242 0.98026
12.67 0.0549541 -0.0103662 0.977743
12.68 0.0539982 0.0127201 0.964275
12.69 0.0534841 0.0277647 0.976761
12.7 0.0522594 0.0486234 0.968584
12.71 0.0549201 0.00254179 0.964067
12.72 0.0518617 0.00872437 0.974038
12.73 0.0547968 0.00771396 0.96566
12.74 0.0503218 -0.0308371 0.974499
12.75 0.05183 0.0161998 0.972406
12.76 0.0562119 0.0473909 0.976837
12.77 0.0533858 -0.014134 0.976771
12.78 0.0566802 0.00824151 0.972622
12.79 0.0504704 -0.0379494 0.973788
12.8 0.0534211 0.00618327 0.973381
12.81 0.0541863 -0.0189649 0.971728
12.82 0.053661 -0.0265856 0.956671
12.83 0.0542528 0.0262631 0.965205
12.84 0.051097 -0.00899479 0.978981
12.85 0.0530672 -0.0449877 0.981398
12.86 0.0502104 -0.0150407 0.97112
12.87 0.0515138 -0.0233057 0.971692
12.88 0.0541081 -0.0373991 0.979624
12.89 0.0520122 -0.0348174 0.968203
12.9 0.0557611 -0.0407132 0.969576
12.91 0.0502958 -0.014095 0.975896
12.92 0.0526101 0.0347769 0.965414
12.93 0.0522701 -0.0156428 0.96314
12.94 0.0527404 0.0259632 0.974887
12.95 0.0511088 0.0491187 0.977231
12.96 0.0522312 0.0110351 0.969622
12.97 0.0534626 0.0251029 0.97278
12.98 0.0508349 0.0146884 0.980385
12.99 0.0525474 0.0057988 0.97429
13 0.0499356 -0.00470866 0.974986
13.01 0.0545056 -0.00830605 0.971129
13.02 0.0527112 -0.00920984 0.970153
13.03 0.055759 -0.0179611 0.962824
13.04 0.0542751 0.00183155 0.970299
13.05 0.0542012 0.0206591 0.968198
13.06 0.0521556 -0.0435634 0.965171
13.07 0.0530318 -0.0562663 0.966831
13.08 0.0586826 -0.00918445 0.958399
13.09 0.0525378 -0.00438658 0.966809
13.1 0.0507803 -0.014827 0.983013
13.11 0.0503033 0.0442329 0.969388
13.12 0.0543915 0.0542978 0.975282
13.13 0.0522894 0.0502405 0.971997
13.14 0.0528976 0.00590982 0.975189
13.15 0.0492611 0.0149583 0.974447
13.16 0.0548669 0.0369157 0.968406
13.17 0.0483986 -0.00344719 0.976159
13.18 0.0554197 -0.0254268 0.970594
13.19 0.053506 -0.00422167 0.982947
13.2 0.0532612 0.00315123 0.969157
13.21 0.0494024 0.00589594 0.972819
13.22 0.0534885 -0.0280277 0.969442
13.23 0.0529874 0.0477434 0.968763
13.24 0.0503702 -0.0243831 0.970404
13.25 0.051129 -0.0305299 0.975257
13.26 0.0486241 -0.0186587 0.973387
13.27 0.0510661 0.0351164 0.970203
13.28 0.055386 -0.016055 0.965005
13.29 0.0564187 -0.00155024 0.970985
13.3 0.0493099 -0.0186333 0.972317
13.31 0.0546561 -0.0368989 0.974827
13.32 0.0528217 -0.00288308 0.973343
13.33 0.0564905 0.0486445 0.965522
13.34 0.0529575 -0.00137109 0.974244
13.35 0.0512542 0.0825202 0.97529
13.36 0.0540894 0.0126026 0.970015
13.37 0.0515988 -0.0336281 0.959577
13.38 0.0501345 0.0434045 0.96912
13.39 0.0502066 -0.037652 0.973114
13.4 0.0524731 0.00550719 0.97861
13.41 0.050225 -0.0561505 0.959675
13.42 0.0513239 -0.0225048 0.980298
13.43 0.0520925 0.0409373 0.961298
13.44 0.0551981 0.0102588 0.973918
13.45 0.052417 -0.0142295 0.963885
13.46 0.0552715 0.00782035 0.959772
13.47 0.0528127 -0.0215744 0.980831
13.48 0.0545698 -0.0321634 0.9687
13.49 0.055661 -0.00124199 0.970478
13.5 0.0521082 -0.000214593 0.975638
13.51 0.0518188 -0.0355838 0.967082
13.52 0.0541846 0.0107935 0.9686
13.53 0.0527921 -0.0196322 0.967438
13.54 0.0528683 -0.0396235 0.965072
13.55 0.0535791 0.0523657 0.965071
13.56 0.0530807 -0.0242855 0.971852
13.57 0.0543347 0.0657004 0.973151
13.58 0.0515891 0.0315216 0.972368
13.59 0.0518097 0.00639617 0.973398
13.6 0.0513948 0.0219356 0.977551
13.61 0.0514928 0.011436 0.979592
13.62 0.0484594 0.0138866 0.977071
13.63 0.0515132 -0.0052316 0.969541
13.64 0.0497197 0.0154957 0.96003
13.65 0.0497951 -0.00711532 0.981412
13.66 0.0538229 0.0158031 0.963048
13.67 0.0542724 -0.00615908 0.964317
13.68 0.0495607 0.0491819 0.974951
13.69 0.0523281 -0.0426438 0.969269
13.7 0.0542251 -0.016812 0.976901
13.71 0.0491494 -0.0316393 0.961765
13.72 0.0577474 0.00666718 0.969088
13.73 0.0534051 -0.0435619 0.969005
13.74 0.049878 -0.038329 0.975621
13.75 0.0563717 -0.0161024 0.976373
13.76 0.053118 0.0513961 0.959044
13.77 0.0485179 0.0130196 0.972284
13.78 0.0570563 -0.0359637 0.973908
13.79 0.0506584 0.0070802 0.976022
13.8 0.0542174 0.000594008 0.979427
13.81 0.0530859 -0.016967 0.975276
13.82 0.0495701 0.00659833 0.977476
13.83 0.052235 -0.00855857 0.978216
13.84 0.0492183 -0.0253921 0.97357
13.85 0.0511311 -0.0184503 0.967252
13.86 0.0532299 0.013206 0.981279
13.87 0.0539988 0.0163838 0.965315
13.88 0.0522269 0.00722743 0.968546
13.89 0.0535019 0.0573123 0.975046
13.9 0.053535 0.00520868 0.973449
13.91 0.0526353 0.0307832 0.963573
13.92 0.0545217 -0.0081651 0.975171
13.93 0.05611 0.0278428 0.965367
13.94 0.0518872 -0.0242042 0.976618
13.95 0.0527071 0.0176273 0.970148
13.96 0.0533928 0.0205101 0.971608
13.97 0.0533379 -0.0162495 0.978441
13.98 0.0533732 -0.00395094 0.970636
13.99 0.0532224 -0.0310194 0.966564
14 0.0571732 0.0361127 0.962029
14.01 0.054487 0.0698681 0.974604
14.02 0.0521438 -0.0271802 0.973263
14.03 0.0545464 -0.0258973 0.971912
14.04 0.0509511 -0.0592502 0.98126
14.05 0.0539356 0.0100461 0.967878
14.06 0.0534989 -0.0176311 0.976173
14.07 0.0520811 0.0338309 0.976047
14.08 0.0517881 -0.0345419 0.975347
14.09 0.0505342 -0.0112091 0.968365
14.1 0.0536646 0.012731 0.971088
14.11 0.055596 0.000715318 0.971057
14.12 0.0522193 0.0158545 0.973977
14.13 0.0550423 0.0229155 0.970459
14.14 0.0526583 0.0337683 0.964869
14.15 0.0554405 -0.00524234 0.965541
14.16 0.0505723 0.00324254 0.969295
14.17 0.055076 0.00616629 0.970179
14.18 0.0527542 -0.0371906 0.972122
14.19 0.0534084 -0.0339248 0.969174
14.2 0.0504723 0.00484047 0.966423
14.21 0.0521087 -0.00469463 0.966198
14.22 0.0518964 0.00913173 0.976162
14.23 0.0524348 -0.0294881 0.973523
14.24 0.053636 -0.0201687 0.971952
14.25 0.0538321 0.00148796 0.980499
14.26 0.052513 0.0560821 0.982289
14.27 0.0524971 -0.0293484 0.977941
14.28 0.0526785 -0.0234004 0.97943
14.29 0.0523227 0.00635291 0.980053
14.3 0.0560492 0.0479792 0.962934
14.31 0.05029 0.0317089 0.96997
14.32 0.0523449 -0.0239045 0.971682
14.33 0.050687 0.0307713 0.975935
14.34 0.0511441 0.012864 0.973448
14.35 0.0514071 0.00894435 0.967705
14.36 0.0526073 0.0020493 0.972682
14.37 0.0503438 0.00883219 0.973307
14.38 0.0543646 0.0708138 0.976658
14.39 0.0539284 0.01877 0.975428
14.4 0.0520198 -0.043866 0.979238
14.41 0.0531526 0.022882 0.970896
14.42 0.0505205 -0.00628536 0.969233
14.43 0.0533925 0.0336448 0.98349
14.44 0.0503962 0.0205983 0.975689
14.45 0.051842 -0.0217585 0.978687
14.46 0.0510878 -0.0192711 0.974888
14.47 0.054186 0.0197828 0.986331
14.48 0.0532643 -0.0234953 0.964697
14.49 0.053024 0.018902 0.973044
14.5 0.0523562 0.0103104 0.9762
14.51 0.054112 -0.0104042 0.970446
14.52 0.0527156 0.0437546 0.972703
14.53 0.0542015 -0.00273866 0.973638
14.54 0.04982 -0.0125701 0.97973
14.55 0.0520636 -0.028347 0.971693
14.56 0.0510252 0.0180659 0.971283
14.57 0.0508674 -0.0126604 0.968662
14.58 0.048522 0.00557782 0.967125
14.59 0.0513651 0.0297122 0.975351
14.6 0.0494403 -0.0123514 0.975937
14.61 0.0520548 0.0146644 0.971943
14.62 0.051672 0.019053 0.977064
14.63 0.056212 0.0269859 0.966609
14.64 0.053205 0.00394218 0.973482
14.65 0.0506607 0.0073 0.978112
14.66 0.0514342 -0.00845169 0.971353
14.67 0.0543396 0.011241 0.973545
14.68 0.0505153 0.01606 0.980645
14.69 0.0535958 -0.00194334 0.968139
14.7 0.0510258 0.0415476 0.984243
14.71 0.0509311 -0.0186853 0.975195
14.72 0.0535774 -0.000851415 0.972078
14.73 0.0537021 0.00693153 0.977172
14.74 0.0520671 -0.0504738 0.972166
14.75 0.0500304 0.0376909 0.97305
14.76 0.0533582 0.0219732 0.969842
14.77 0.0497257 -0.0371857 0.975474
14.78 0.0493507 -0.040866 0.982135
14.79 0.0516665 -0.00686932 0.976417
14.8 0.0540578 0.0181574 0.982162
14.81 0.0528539 0.0535174 0.981328
14.82 0.0535151 0.0142386 0.973389
14.83 0.0516722 -0.0150664 0.974802
14.84 0.0540035 0.0643962 0.97071
14.85 0.0518762 -0.00154491 0.973337
14.86 0.0528736 -0.054225 0.971678
14.87 0.0542805 0.0322796 0.971341
14.88 0.0554147 -0.0554953 0.969491
14.89 0.0530429 -0.0642517 0.972939
14.9 0.0568145 0.0229598 0.967874
14.91 0.0548947 -0.00773818 0.973048
14.92 0.0500298 -0.0329822 0.974588
14.93 0.0542674 0.0145911 0.974124
14.94 0.0526403 0.0107442 0.977328
14.95 0.0517967 -0.0240712 0.974806
14.96 0.0540248 0.0293826 0.979361
14.97 0.052256 0.0417339 0.980064
14.98 0.0535806 0.0212747 0.978771
14.99 0.0544397 0.00389228 0.971168
15 0.0518566 -0.0447738 0.98442
15.01 0.0518269 -0.0107004 0.973349
15.02 0.0498506 0.0372839 0.973374
15.03 0.0500617 0.000747769 0.971902
15.04 0.0534373 -0.0353545 0.968958
15.05 0.0513513 -0.0119051 0.972278
15.06 0.0524192 -0.0149323 0.97062
15.07 0.0544083 0.0185644 0.972792
15.08 0.0539407 -0.00179022 0.973603
15.09 0.0518255 0.0189691 0.96637
15.1 0.0551002 0.0223524 0.960529
15.11 0.0546157 -0.0397519 0.968067
15.12 0.0544766 0.0119027 0.97333
15.13 0.0514167 -0.0191233 0.969073
15.14 0.050771 -0.00528873 0.968611
15.15 0.0499842 0.0417768 0.97562
15.16 0.0553408 -0.00739662 0.973493
15.17 0.0526503 0.00844126 0.959909
15.18 0.0487172 -0.0175652 0.974908
15.19 0.0492118 0.0023536 0.968732
15.2 0.0526961 -0.0207356 0.970589
15.21 0.0562338 -0.0457576 0.973523
15.22 0.0517934 0.037245 0.977143
15.23 0.0518957 0.00177595 0.978372
15.24 0.0530944 0.040341 0.968799
15.25 0.0536877 0.0234813 0.965841
15.26 0.0503984 0.0441914 0.971714
15.27 0.0483148 -0.0210987 0.972893
15.28 0.0501232 0.0151258 0.978969
15.29 0.0554302 -0.0057768 0.964487
15.3 0.0534674 -0.056629 0.976591
15.31 0.0536677 0.0383364 0.983213
15.32 0.0514235 -0.0228326 0.972631
15.33 0.0498993 0.0773429 0.977705
15.34 0.0496571 -0.0288556 0.977243
15.35 0.0548879 0.00828089 0.969811
15.36 0.0515172 -0.0208672 0.967324
15.37 0.0547088 -0.0225645 0.964376
15.38 0.0506791 0.0195498 0.976834
15.39 0.0526475 0.0405224 0.973264
15.4 0.0534677 -0.0168775 0.973351
15.41 0.0517488 -0.0039851 0.98087
15.42 0.0523761 0.01459 0.964207
15.43 0.052371 0.0248003 0.976395
15.44 0.0526854 -0.00859796 0.97549
15.45 0.0494455 -0.0351821 0.968365
15.46 0.0540098 0.0515336 0.972449
15.47 0.0532269 -0.0116916 0.968513
15.48 0.0548307 0.0285671 0.966945
15.49 0.0551402 0.00132243 0.96819
15.5 0.0559615 -0.0347861 0.975783
15.51 0.0504747 0.0335443 0.963294
15.52 0.0516835 0.0665213 0.967049
15.53 0.0535011 0.0268452 0.965408
15.54 0.0537022 -0.0449809 0.973886
15.55 0.0534865 -0.012009 0.97615
15.56 0.0524657 0.0178834 0.978335
15.57 0.0544493 -0.0101376 0.973495
15.58 0.054797 0.0106257 0.974376
15.59 0.0491506 0.0769282 0.975335
15.6 0.0516208 -0.0158444 0.971628
15.61 0.0529343 0.0465939 0.971321
15.62 0.0509495 0.0216875 0.971038
15.63 0.0506652 -0.0647424 0.979465
15.64 0.0513179 -0.00378847 0.980005
15.65 0.0512928 0.00706065 0.972695
15.66 0.0547513 0.00385146 0.979296
15.67 0.0513495 -0.0170152 0.983592
15.68 0.0543631 -0.006627 0.970456
15.69 0.051972 0.0365273 0.982046
15.7 0.0523341 -0.00522151 0.973864
15.71 0.0527754 0.00582209 0.969726
15.72 0.0541399 -0.0270629 0.96629
15.73 0.0528956 -0.0324173 0.970523
15.74 0.0528952 -0.0058418 0.968913
15.75 0.0538774 0.022886 0.972598
15.76 0.05142 -0.044885 0.978313
15.77 0.0543288 -0.0111737 0.968402
15.78 0.0518153 0.0165441 0.96848
15.79 0.0521015 -0.0065859 0.973342
15.8 0.0542487 -0.019131 0.978843
15.81 0.0505758 0.0260105 0.968845
15.82 0.051755 -0.00950442 0.962752
15.83 0.051602 -0.00645337 0.973962
15.84 0.050648 0.00722332 0.975554
15.85 0.0534641 -0.0264173 0.960319
15.86 0.0523483 -0.011408 0.977928
15.87 0.053269 -0.0185873 0.967561
15.88 0.049444 0.00383406 0.980147
15.89 0.0504119 -0.0186777 0.9704
15.9 0.0544769 -0.023151 0.961388
15.91 0.0568403 0.0673962 0.972232
15.92 0.0522771 0.0138233 0.965006
15.93 0.0521453 -0.0124959 0.970396
15.94 0.0534031 0.0611687 0.966369
15.95 0.0509693 -0.0159221 0.966119
15.96 0.0508189 -0.0201175 0.974662
15.97 0.0513691 -0.018929 0.968923
15.98 0.0534087 0.0190122 0.972316
15.99 0.0528031 -0.0361451 0.975213
16 0.0522211 -0.0289673 0.975738
16.01 0.0519566 0.0306195 0.975545
16.02 0.0521916 0.00867754 0.977453
16.03 0.0534722 0.0459174 0.970101
16.04 0.0525082 0.00296216 0.968225
16.05 0.0513817 0.0306361 0.967634
16.06 0.0534433 0.0123408 0.966505
16.07 0.0517067 -0.00757795 0.974942
16.08 0.058644 -0.0458443 0.972202
16.09 0.0536437 0.028343 0.978491
16.1 0.0541055 -0.0449021 0.973295
16.11 0.0544549 -0.016199 0.979586
16.12 0.0529799 0.0579112 0.971032
16.13 0.0492024 -0.0680408 0.960856
16.14 0.0531565 0.0329967 0.970172
16.15 0.0541403 -0.00886583 0.980958
16.16 0.0512791 0.0366132 0.966948
16.17 0.0506146 -0.069985 0.97858
16.18 0.0502655 0.0547539 0.974089
16.19 0.0529559 -0.0337997 0.974834
16.2 0.0515972 0.00171185 0.961967
16.21 0.0500477 -0.0208073 0.972123
16.22 0.0565987 0.0534734 0.979897
16.23 0.0486542 0.0121347 0.978147
16.24 0.0509403 0.0180056 0.983097
16.25 0.0511374 0.0139036 0.989717
16.26 0.052295 -0.0256888 0.970563
16.27 0.0516787 -0.0704917 0.963785
16.28 0.0516507 0.00831222 0.969868
16.29 0.0518225 0.0293867 0.97722
16.3 0.0535177 0.0681798 0.966214
16.31 0.0554295 0.0207628 0.978526
16.32 0.0486395 -0.0393717 0.973612
16.33 0.053235 0.0163234 0.957151
16.34 0.0522428 -0.00324867 0.975179
16.35 0.0532197 0.0357308 0.970397
16.36 0.0528974 -0.0482505 0.969602
16.37 0.0503301 -0.0270902 0.972099
16.38 0.0544698 0.0156592 0.974667
16.39 0.0547092 0.0678194 0.979138
16.4 0.0529831 0.00155564 0.972948
16.41 0.0525341 0.0288582 0.974272
16.42 0.0501401 0.0111062 0.978207
16.43 0.052747 -0.0101952 0.967182
16.44 0.0523841 -0.0213649 0.969872
16.45 0.0520536 -0.0448627 0.966369
16.46 0.0506786 -0.0534468 0.993167
16.47 0.0556934 -0.0145837 0.964172
16.48 0.0507569 -0.0285045 0.96144
16.49 0.0499545 0.0108168 0.97418
16.5 0.0524955 0.00750729 0.972591
16.51 0.053787 0.0233802 0.96553
16.52 0.0491518 0.0264541 0.970221
16.53 0.0528721 0.010113 0.958403
16.54 0.0519147 0.00465901 0.968088
16.55 0.0502987 -0.0183927 0.971427
16.56 0.0547726 0.0158379 0.965852
16.57 0.0503839 -0.0319717 0.985068
16.58 0.0534792 0.0187385 0.976008
16.59 0.0527342 0.0400946 0.956569
16.6 0.053757 0.0213431 0.966436
16.61 0.0545478 -0.0235098 0.961437
16.62 0.0529419 -0.00253292 0.964544
16.63 0.0541922 0.0165945 0.968997
16.64 0.0535527 -0.00908646 0.975703
16.65 0.0559647 -0.00663908 0.966101
16.66 0.0523016 0.0254897 0.963967
16.67 0.0493785 0.00362643 0.967546
16.68 0.0555784 0.0193705 0.966048
16.69 0.0486998 -0.0165669 0.964061
16.7 0.0542815 0.0351769 0.972905
16.71 0.0549306 -0.0013485 0.962634
16.72 0.0543055 0.0143546 0.97029
16.73 0.0500813 -0.0414083 0.979847
16.74 0.0498817 0.00208542 0.974032
16.75 0.0524419 0.0259552 0.97443
16.76 0.0512245 -0.00850409 0.979466
16.77 0.0528246 -0.0194886 0.955776
16.78 0.0549843 0.0281921 0.969415
16.79 0.0531161 -0.0238793 0.968738
16.8 0.053126 0.0382023 0.980695
16.81 0.0529267 -0.00504433 0.957717
16.82 0.0520371 0.0585263 0.967769
16.83 0.0560825 0.020487 0.974463
16.84 0.0562771 -0.0230672 0.966791
16.85 0.0526212 0.0256533 0.968363
16.86 0.0513795 0.014735 0.977407
16.87 0.0477363 -0.0199337 0.973074
16.88 0.0483792 -0.018172 0.974175
16.89 0.0515433 0.0132924 0.966618
16.9 0.0492881 0.00527379 0.974401
16.91 0.0498148 0.0320196 0.9755
16.92 0.0540171 -0.0304184 0.96921
16.93 0.0537172 -0.0122204 0.975261
16.94 0.0514535 6.0789e-05 0.974345
16.95 0.0558402 -0.00628668 0.969788
16.96 0.0515221 -0.0446669 0.965067
16.97 0.0527506 0.000573812 0.970666
16.98 0.0528535 -0.0321196 0.974167
16.99 0.0529354 -0.0141482 0.965801
17 0.0507786 0.00677956 0.979746
17.01 0.0529599 -0.026787 0.972119
17.02 0.0535852 -0.0285966 0.97268
17.03 0.053589 -0.0225864 0.991151
17.04 0.0506918 0.0266788 0.968685
17.05 0.0504755 -0.0277533 0.968922
17.06 0.0532143 0.00465476 0.971036
17.07 0.0533429 -0.00251716 0.974103
17.08 0.0499312 -0.0223495 0.973698
17.09 0.053092 0.0162103 0.971101
17.1 0.0520962 -0.0036665 0.974274
17.11 0.0535985 -0.000816821 0.979162
17.12 0.0512231 0.00717503 0.973555
17.13 0.0527952 0.0057155 0.967664
17.14 0.0526506 -0.00279556 0.974121
17.15 0.048515 -0.0328552 0.963156
17.16 0.0558873 0.043918 0.977021
17.17 0.0555548 -0.0344214 0.969627
17.18 0.0527144 0.033026 0.972531
17.19 0.0510155 -0.0262571 0.973884
17.2 0.0535091 -0.00844988 0.963221
17.21 0.0515238 0.0240582 0.972513
17.22 0.0520721 -0.0794372 0.975984
17.23 0.0516484 -0.0404812 0.982682
17.24 0.0517969 -0.00730228 0.97359
17.25 0.0537256 0.0375467 0.979447
17.26 0.0514942 0.0348181 0.959219
17.27 0.0545438 -0.00646508 0.968802
17.28 0.0524935 0.0064852 0.983008
17.29 0.0491564 -0.00533503 0.972185
17.3 0.0520283 0.0310763 0.984904
17.31 0.0537706 0.013116 0.965682
17.32 0.0521776 0.0304119 0.984993
17.33 0.0483751 0.0265624 0.968795
17.34 0.0520252 -0.00362329 0.96643
17.35 0.0503233 0.0213585 0.976101
17.36 0.0557904 -0.00922613 0.982062
17.37 0.054451 0.00252833 0.974505
17.38 0.0537969 0.00334143 0.977244
17.39 0.0550378 0.0214435 0.966155
17.4 0.0503997 -0.0495924 0.970196
17.41 0.05331 0.0103373 0.967784
17.42 0.0527021 -0.0116196 0.976211
17.43 0.054042 -0.0195195 0.981466
17.44 0.0530228 0.00215286 0.969192
17.45 0.0509615 0.000318214 0.972709
17.46 0.0491712 -0.00821978 0.979225
17.47 0.055988 0.00799249 0.976542
17.48 0.0538763 -0.00723833 0.968519
17.49 0.050365 0.00670863 0.971146
17.5 0.0511222 -0.00402003 0.986848
17.51 0.0531964 0.0504226 0.979224
17.52 0.0546662 0.011791 0.980056
17.53 0.0528918 0.0517056 0.971683
17.54 0.0536226 0.0455088 0.964869
17.55 0.0523647 -0.0206831 0.969483
17.56 0.0499772 0.0471894 0.972683
17.57 0.0524963 0.0592042 0.976535
17.58 0.0530321 0.0363055 0.977258
17.59 0.0571425 -0.0128583 0.984363
17.6 0.0540468 0.0409792 0.966216
17.61 0.0497836 -0.0224399 0.968009
17.62 0.0528825 -0.00815606 0.960761
17.63 0.0547148 0.0112779 0.964196
17.64 0.0514672 -0.0491706 0.97803
17.65 0.0528341 0.0501411 0.971162
17.66 0.0532912 0.0116753 0.969531
17.67 0.049811 0.038186 0.966339
17.68 0.0542839 -0.0622441 0.985178
17.69 0.0534439 0.0375642 0.976131
17.7 0.0505357 -0.0341373 0.966361
17.71 0.0503043 0.00760107 0.965921
17.72 0.0546815 -0.00821082 0.972815
17.73 0.0530394 0.0126298 0.994074
17.74 0.0504953 -0.0147297 0.9596
17.75 0.0531977 -0.00722956 0.965238
17.76 0.0527725 0.00452764 0.968259
17.77 0.0525269 0.0344178 0.964743
17.78 0.0529345 -0.00674011 0.96842
17.79 0.0526473 0.0106424 0.977127
17.8 0.0488575 0.0384331 0.971844
17.81 0.0550847 0.0211653 0.969729
17.82 0.0545134 0.0184754 0.972016
17.83 0.0528543 -0.0136267 0.96723
17.84 0.0534129 0.0292262 0.971278
17.85 0.0533066 0.0676256 0.974881
17.86 0.0518844 -0.0398019 0.960094
17.87 0.0545265 -0.0189957 0.962678
17.88 0.054097 -0.0460573 0.962587
17.89 0.0489469 -0.0111323 0.976645
17.9 0.0513487 0.0414791 0.977644
17.91 0.0528942 0.0170482 0.971571
17.92 0.0528272 0.0019603 0.970925
17.93 0.053938 0.0241191 0.974549
17.94 0.0531552 -0.00609472 0.964199
17.95 0.0476901 -0.0329339 0.973495
17.96 0.0551131 0.0268154 0.969443
17.97 0.0535961 -0.0361146 0.954148
17.98 0.0549744 0.0310051 0.960683
17.99 0.0530419 -0.0158221 0.975867
18 0.0525499 -0.0399231 0.984399
18.01 0.0507528 -0.0246359 0.973916
18.02 0.0562849 0.0108451 0.970151
18.03 0.0524121 -0.0685895 0.971984
18.04 0.0545262 -0.0374148 0.962632
18.05 0.0543487 0.0294525 0.982862
18.06 0.0527438 -0.0134669 0.978315
18.07 0.0559185 -0.0256988 0.954627
18.08 0.0514847 0.0508268 0.982396
18.09 0.0527202 0.00284708 0.958743
18.1 0.0487577 -0.0333822 0.964083
18.11 0.0517079 -0.0189643 0.974006
18.12 0.0534533 -0.0457855 0.966101
18.13 0.0511774 0.0383068 0.97781
18.14 0.0556945 0.022563 0.96153
18.15 0.050457 -0.00185256 0.960192
18.16 0.059111 0.0351578 0.963708
18.17 0.0487611 0.0182232 0.976008
18.18 0.0522746 0.0414257 0.962285
18.19 0.0508869 0.0321335 0.971048
18.2 0.0486075 0.026854 0.97776
18.21 0.0551997 -0.0124645 0.963976
18.22 0.0520079 0.0350298 0.969074
18.23 0.0527004 0.0474014 0.975656
18.24 0.0519108 -0.0271045 0.969452
18.25 0.0480094 0.00957971 0.974705
18.26 0.0531991 0.0420298 0.971156
18.27 0.0514385 0.0191797 0.982099
18.28 0.0529535 0.0532233 0.971637
18.29 0.0525627 -0.00506049 0.956257
18.3 0.0531525 -0.0126069 0.978294
18.31 0.0545672 -0.0367173 0.967935
18.32 0.0531615 0.0183479 0.965447
18.33 0.0554611 0.027483 0.971471
18.34 0.0574552 -0.0197774 0.970347
18.35 0.0554148 -0.0413466 0.962042
18.36 0.0551963 0.0353405 0.979586
18.37 0.0560103 0.0169894 0.969658
18.38 0.0538198 0.0433173 0.972653
18.39 0.0538963 0.0131495 0.970534
18.4 0.0581488 0.00871853 0.957321
18.41 0.0534243 0.00511614 0.962651
18.42 0.0531968 -0.00571319 0.971376
18.43 0.0522363 -0.031421 0.969459
18.44 0.0499511 0.0112324 0.971533
18.45 0.0541254 -0.00901683 0.977248
18.46 0.0523274 0.0328081 0.970472
18.47 0.0524387 -0.0145525 0.972733
18.48 0.0492445 0.0596337 0.97973
18.49 0.0557406 -0.00438137 0.968292
18.5 0.0574632 -0.00305871 0.979005
18.51 0.057415 -8.06826e-05 0.966614
18.52 0.0501144 0.070355 0.974393
18.53 0.0540841 -0.0298226 0.977803
18.54 0.051339 0.0198191 0.973781
18.55 0.0540659 0.0518028 0.975741
18.56 0.051754 0.00479143 0.976683
18.57 0.0579186 -0.0482616 0.959762
18.58 0.0514849 0.0252311 0.974217
18.59 0.0506854 -0.0294254 0.976764
18.6 0.0510929 0.0173032 0.97755
18.61 0.0535868 0.0128595 0.971391
18.62 0.0488726 0.00581287 0.966901
18.63 0.0494211 0.0594067 0.977893
18.64 0.0575321 0.01144 0.967298
18.65 0.0526496 -0.0122824 0.972806
18.66 0.0522851 0.0467856 0.980575
18.67 0.0558141 0.0207792 0.972808
18.68 0.0535775 -0.0130989 0.96273
18.69 0.0537411 0.0223072 0.974542
18.7 0.0533934 -0.0219418 0.979713
18.71 0.0504942 -0.0203169 0.966369
18.72 0.0549498 -0.0180377 0.965443
18.73 0.0519949 0.0504935 0.982291
18.74 0.0573822 0.0124677 0.957699
18.75 0.0521009 0.00894116 0.958962
18.76 0.0557619 -0.00577834 0.968746
18.77 0.0532042 -0.0157361 0.969676
18.78 0.0535783 0.0261 0.96732
18.79 0.0526385 0.0159617 0.984282
18.8 0.0485502 -0.0205078 0.982041
18.81 0.0502892 -0.00359543 0.972566
18.82 0.0509771 -0.054201 0.967987
18.83 0.054602 -0.0488297 0.963498
18.84 0.0509984 0.0803204 0.975056
18.85 0.0542594 0.0550922 0.9759
18.86 0.0538303 -0.0318013 0.975474
18.87 0.0531144 0.0408138 0.970599
18.88 0.056198 0.0557659 0.968698
18.89 0.0539978 0.064341 0.975725
18.9 0.056098 0.0165546 0.960956
18.91 0.051607 -0.013775 0.971481
18.92 0.0553675 0.0238414 0.96257
18.93 0.051771 0.0204023 0.979461
18.94 0.0523707 0.00219344 0.9679
18.95 0.0506687 -0.0390885 0.965219
18.96 0.053542 0.0415335 0.977658
18.97 0.056359 0.0206117 0.97827
18.98 0.0540612 0.0104944 0.97322
18.99 0.0546022 -0.0459157 0.98481
19 0.051631 0.00842285 0.977188
19.01 0.0530998 0.0580573 0.972579
19.02 0.0513145 0.00297022 0.98514
19.03 0.052964 -0.0508582 0.973804
19.04 0.0529094 0.0227556 0.981385
19.05 0.055089 -0.0365083 0.969516
19.06 0.0512341 0.00937418 0.985604
19.07 0.0549621 -0.0573219 0.972559
19.08 0.0538884 -0.0523226 0.970927
19.09 0.048115 -0.0330409 0.978485
19.1 0.0520432 0.0102205 0.969847
19.11 0.053885 -0.0816621 0.958923
19.12 0.0529374 0.0614993 0.970963
19.13 0.051894 -0.033356 0.965209
19.14 0.0554664 -0.00779213 0.970563
19.15 0.0500532 0.0245961 0.963774
19.16 0.0487694 0.0236692 0.984389
19.17 0.054028 -0.0433892 0.97094
19.18 0.0515781 -0.0489082 0.969678
19.19 0.0531025 -0.00415854 0.97085
19.2 0.0533535 0.0223365 0.978386
19.21 0.0566935 -0.0449662 0.971268
19.22 0.0524733 -0.00533352 0.975769
19.23 0.0533002 -0.0609257 0.969441
19.24 0.0547476 -0.0289713 0.975609
19.25 0.0541491 0.0372517 0.972775
19.26 0.0493537 0.0299925 0.979889
19.27 0.053177 -0.00455537 0.957007
19.28 0.0556585 -0.0511055 0.973648
19.29 0.0528528 -0.0380885 0.969313
19.3 0.056302 -0.0189597 0.964896
19.31 0.0520297 -0.02102 0.986607
19.32 0.0550508 -0.0271328 0.975618
19.33 0.0556942 -0.0177427 0.964877
19.34 0.0567141 -0.0402721 0.979168
19.35 0.053491 -0.0248431 0.974703
19.36 0.0505851 0.010783 0.981448
19.37 0.0546178 0.00709306 0.976294
19.38 0.0574701 0.00582667 0.968692
19.39 0.0497257 -0.0528705 0.976015
19.4 0.0533655 -0.0524897 0.974678
19.41 0.054015 -0.0484938 0.979487
19.42 0.0537653 -0.0346573 0.967575
19.43 0.0518547 -0.0280464 0.977362
19.44 0.049603 0.00899692 0.970764
19.45 0.0508379 -0.0170922 0.967785
19.46 0.0533639 0.0428234 0.967021
19.47 0.0499769 -0.00463421 0.975302
19.48 0.0494416 -0.00272439 0.974913
19.49 0.0512195 0.0260691 0.974403
19.5 0.0503718 0.0200131 0.959398
19.51 0.0541773 0.000949007 0.969933
19.52 0.0590381 -0.0137277 0.965549
19.53 0.0500486 0.0530178 0.97634
19.54 0.0540726 -0.068291 0.972668
19.55 0.0509002 0.0663482 0.981928
19.56 0.0494436 0.049446 0.977751
19.57 0.0503998 0.00949131 0.97778
19.58 0.0529891 0.00861884 0.974006
19.59 0.0504718 -0.0226526 0.979954
19.6 0.0515169 -0.0186149 0.976595
19.61 0.0495828 -0.0106776 0.969179
19.62 0.0538153 0.00150871 0.970559
19.63 0.0544498 -0.0180654 0.965204
19.64 0.0562591 -0.0482843 0.967752
19.65 0.0521613 0.0262764 0.98253
19.66 0.0505762 -0.0271274 0.975006
19.67 0.0510111 -0.0289848 0.975538
19.68 0.0533417 0.031056 0.964031
19.69 0.0497522 0.0369882 0.970441
19.7 0.0516663 0.0169856 0.964787
19.71 0.0520327 0.048294 0.970476
19.72 0.0551345 0.0418565 0.961694
19.73 0.0516735 0.0031118 0.967465
19.74 0.0477619 0.00602904 0.975543
19.75 0.050036 0.0153633 0.97739
19.76 0.0528988 0.0785363 0.984685
19.77 0.0476908 -0.0266092 0.969916
19.78 0.0509212 0.0057814 0.953246
19.79 0.0516213 -0.00252282 0.973865
19.8 0.0526497 -0.00156872 0.978323
19.81 0.0522682 0.0127161 0.981627
19.82 0.0513821 -0.00106319 0.970847
19.83 0.0509947 0.0674857 0.974303
19.84 0.0488921 -0.0413401 0.960851
19.85 0.0507317 0.028676 0.960587
19.86 0.0552687 0.0338806 0.971851
19.87 0.053687 0.0341192 0.963404
19.88 0.0541729 0.00665413 0.969351
19.89 0.0503376 0.0175353 0.980078
19.9 0.055689 0.0513809 0.97622
19.91 0.0549085 -0.00821976 0.975696
19.92 0.0540601 -0.0241152 0.9772
19.93 0.04919 0.0303785 0.978215
19.94 0.0480417 -0.0490195 0.968045
19.95 0.0508268 0.0151514 0.97056
19.96 0.0508761 -0.0128452 0.962996
19.97 0.0531957 -0.00707579 0.970711
19.98 0.0580254 -0.0459364 0.973003
19.99 0.0514066 -0.00935945 0.978603
