0.01 0.555089 0.492011 0.391086 0.492011 0.542473 0.492011 0.416317 0.529858 0.37847 0.542473 0.542473 0.441548 0.403701 0.428933 0.353239 0.454164 0.428933 0.428933 0.428933 0.315392 0.479395 0.441548 0.441548 0.454164 0.37847 0.555089 0.454164 0.328007 0.454164 0.479395 0.353239 0.403701 0.46678 0.340623 0.416317 0.441548 0.441548 0.454164 0.264929 0.302776 0.529858 0.391086 0.353239 0.353239 0.479395 0.46678 0.479395 0.479395 0.403701 0.479395 
0.02 0.567705 0.46678 0.428933 0.46678 0.428933 0.334315 0.403701 0.441548 0.542473 0.397393 0.384778 0.504627 0.359546 0.416317 0.428933 0.353239 0.315392 0.384778 0.441548 0.43524 0.410009 0.447856 0.447856 0.485703 0.454164 0.397393 0.479395 0.460472 0.43524 0.365854 0.510934 0.416317 0.454164 0.428933 0.372162 0.359546 0.410009 0.529858 0.372162 0.498319 0.397393 0.43524 0.460472 0.397393 0.372162 0.391086 0.46678 0.372162 0.479395 0.473087 
0.03 0.416317 0.374265 0.445753 0.319597 0.37847 0.416317 0.46678 0.445753 0.441548 0.449959 0.391086 0.416317 0.370059 0.37847 0.470985 0.420522 0.458369 0.370059 0.454164 0.361649 0.399496 0.353239 0.462574 0.420522 0.370059 0.399496 0.403701 0.441548 0.37847 0.357444 0.445753 0.353239 0.37847 0.412112 0.365854 0.428933 0.508832 0.487806 0.344828 0.412112 0.437343 0.428933 0.416317 0.433138 0.458369 0.361649 0.470985 0.391086 0.47519 0.361649 
0.04 0.432086 0.425779 0.387932 0.479395 0.504627 0.43524 0.428933 0.356392 0.432086 0.403701 0.413163 0.444702 0.422625 0.391086 0.479395 0.558243 0.428933 0.457318 0.425779 0.476241 0.381624 0.375316 0.441548 0.406855 0.410009 0.394239 0.441548 0.43524 0.501473 0.454164 0.479395 0.3627 0.372162 0.476241 0.403701 0.410009 0.422625 0.413163 0.37847 0.397393 0.441548 0.454164 0.37847 0.413163 0.457318 0.400547 0.454164 0.463626 0.454164 0.441548 
0.05 0.426409 0.471826 0.408747 0.464256 0.403701 0.441548 0.426409 0.41884 0.428933 0.497057 0.449118 0.45921 0.37847 0.489488 0.406224 0.444071 0.393609 0.391086 0.428933 0.411271 0.413794 0.441548 0.449118 0.497057 0.360808 0.41884 0.446594 0.45921 0.451641 0.441548 0.446594 0.413794 0.446594 0.383516 0.454164 0.46678 0.388562 0.416317 0.428933 0.436502 0.433979 0.393609 0.451641 0.416317 0.439025 0.41884 0.441548 0.492011 0.431456 0.383516 
0.06 0.443651 0.397393 0.424727 0.401599 0.393188 0.449959 0.452061 0.433138 0.431035 0.38688 0.422625 0.42683 0.428933 0.479395 0.445753 0.460472 0.443651 0.412112 0.418419 0.431035 0.454164 0.414214 0.460472 0.500421 0.43524 0.403701 0.397393 0.431035 0.407906 0.380572 0.454164 0.399496 0.416317 0.428933 0.496216 0.405804 0.449959 0.399496 0.403701 0.384778 0.405804 0.468882 0.431035 0.473087 0.4836 0.395291 0.410009 0.412112 0.462574 0.422625 
0.07 0.396492 0.373063 0.463175 0.41091 0.409108 0.409108 0.470384 0.414515 0.437944 0.459571 0.459571 0.441548 0.428933 0.457768 0.457768 0.412712 0.405503 0.446955 0.468582 0.463175 0.400097 0.416317 0.437944 0.464977 0.416317 0.437944 0.454164 0.501022 0.425328 0.468582 0.439746 0.448757 0.464977 0.416317 0.416317 0.432537 0.41091 0.421724 0.391086 0.383877 0.421724 0.452362 0.425328 0.464977 0.403701 0.382074 0.434339 0.389283 0.452362 0.501022 
0.08 0.416317 0.433663 0.457318 0.365854 0.465203 0.468356 0.443125 0.413163 0.446279 0.410009 0.468356 0.395816 0.417894 0.430509 0.462049 0.43524 0.43524 0.400547 0.469933 0.432086 0.439971 0.397393 0.427356 0.406855 0.405278 0.416317 0.428933 0.410009 0.430509 0.425779 0.397393 0.416317 0.449433 0.443125 0.416317 0.416317 0.436817 0.408432 0.41474 0.455741 0.474664 0.462049 0.419471 0.490434 0.425779 0.462049 0.458895 0.425779 0.411586 0.452587 
0.09 0.420522 0.426129 0.393889 0.476592 0.392487 0.416317 0.385479 0.413513 0.430334 0.371461 0.461173 0.465378 0.514439 0.469583 0.435941 0.412112 0.468181 0.420522 0.413513 0.427531 0.444352 0.431736 0.452762 0.421924 0.428933 0.47519 0.413513 0.454164 0.448557 0.41912 0.413513 0.44295 0.470985 0.448557 0.452762 0.44295 0.416317 0.444352 0.389684 0.409308 0.438745 0.462574 0.468181 0.414915 0.423326 0.470985 0.433138 0.431736 0.400898 0.441548 
0.1 0.410009 0.411271 0.461733 0.430194 0.398655 0.433979 0.432717 0.48318 0.439025 0.406224 0.398655 0.457949 0.436502 0.430194 0.401178 0.407486 0.426409 0.428933 0.430194 0.420102 0.408747 0.411271 0.445333 0.440287 0.421363 0.44281 0.399917 0.41884 0.410009 0.427671 0.439025 0.422625 0.425148 0.396132 0.422625 0.423886 0.416317 0.486965 0.454164 0.432717 0.422625 0.44281 0.437763 0.427671 0.41884 0.396132 0.423886 0.427671 0.445333 0.404963 
0.11 0.443842 0.474808 0.41517 0.442695 0.395673 0.420904 0.449576 0.459898 0.414023 0.418611 0.392232 0.453017 0.486276 0.39682 0.447283 0.407142 0.453017 0.426639 0.45187 0.416317 0.450723 0.423198 0.442695 0.431226 0.447283 0.41517 0.446136 0.409436 0.391086 0.438108 0.434667 0.444989 0.441548 0.418611 0.403701 0.432373 0.423198 0.448429 0.384204 0.405995 0.487423 0.418611 0.459898 0.443842 0.438108 0.435814 0.442695 0.456458 0.436961 0.456458 
0.12 0.445753 0.413163 0.455215 0.453113 0.458369 0.433138 0.45101 0.449959 0.434189 0.443651 0.397393 0.429984 0.436292 0.457318 0.404753 0.40265 0.457318 0.468882 0.448907 0.408958 0.442599 0.403701 0.432086 0.441548 0.427881 0.434189 0.427881 0.445753 0.439446 0.45942 0.43524 0.425779 0.419471 0.46678 0.407906 0.413163 0.43524 0.472036 0.447856 0.424727 0.432086 0.444702 0.439446 0.438394 0.45101 0.431035 0.397393 0.461523 0.372162 0.445753 
0.13 0.438637 0.422139 0.404672 0.429903 0.438637 0.412435 0.380411 0.422139 0.391086 0.433785 0.452223 0.427962 0.459986 0.452223 0.432814 0.442519 0.420199 0.407583 0.419228 0.439607 0.459986 0.435726 0.449312 0.443489 0.441548 0.42408 0.42311 0.40176 0.454164 0.411465 0.428933 0.441548 0.422139 0.44543 0.42311 0.425051 0.364884 0.448341 0.441548 0.429903 0.404672 0.479395 0.436696 0.427962 0.417287 0.451253 0.450282 0.408553 0.448341 0.4464 
0.14 0.412712 0.446955 0.446054 0.414515 0.407306 0.455966 0.428031 0.438845 0.436141 0.446955 0.445153 0.459571 0.438845 0.38658 0.413614 0.392888 0.42713 0.421724 0.444252 0.441548 0.415416 0.411811 0.432537 0.420822 0.408207 0.41091 0.414515 0.432537 0.429834 0.410009 0.399196 0.460472 0.420822 0.413614 0.445153 0.457768 0.437043 0.463175 0.44335 0.457768 0.429834 0.406405 0.45146 0.445153 0.455065 0.423526 0.450559 0.454164 0.455065 0.441548 
0.15 0.442389 0.423886 0.426409 0.431456 0.432297 0.462574 0.423045 0.431456 0.441548 0.438184 0.44323 0.442389 0.44323 0.399496 0.423045 0.423886 0.417999 0.464256 0.439866 0.436502 0.431456 0.447436 0.422204 0.457528 0.447436 0.419681 0.424727 0.428091 0.441548 0.44323 0.422204 0.423045 0.41043 0.428091 0.422204 0.408747 0.424727 0.429774 0.438184 0.428091 0.448277 0.423045 0.439866 0.44323 0.462574 0.436502 0.45921 0.422204 0.455846 0.414635 
0.16 0.434452 0.421836 0.431298 0.447856 0.420259 0.458106 0.46126 0.460472 0.459683 0.398182 0.436817 0.450221 0.419471 0.478607 0.430509 0.439183 0.401336 0.433663 0.452587 0.465991 0.428933 0.431298 0.465203 0.416317 0.438394 0.470722 0.405278 0.424202 0.410009 0.425779 0.430509 0.451798 0.462837 0.444702 0.446279 0.452587 0.394239 0.469145 0.450221 0.420259 0.413951 0.423413 0.432875 0.44076 0.413951 0.436817 0.462837 0.445491 0.429721 0.431298 
0.17 0.441548 0.408896 0.430417 0.445259 0.445259 0.412606 0.398507 0.433385 0.429675 0.413348 0.411864 0.457132 0.423738 0.459359 0.432643 0.439322 0.414091 0.446001 0.419285 0.434869 0.425222 0.453422 0.43858 0.447485 0.391828 0.426706 0.437096 0.433385 0.460843 0.453422 0.458616 0.420027 0.417801 0.46678 0.446001 0.463069 0.441548 0.432643 0.427448 0.469748 0.448227 0.425222 0.429675 0.446001 0.42819 0.434869 0.469748 0.455648 0.425964 0.437838 
0.18 0.414915 0.477993 0.404402 0.424026 0.442249 0.436642 0.439446 0.439446 0.445753 0.437343 0.433138 0.421223 0.428933 0.431736 0.412112 0.422625 0.436642 0.428933 0.445753 0.445053 0.425428 0.439446 0.461173 0.433839 0.431736 0.45066 0.447856 0.418419 0.417018 0.415616 0.469583 0.419821 0.413513 0.412813 0.436642 0.423326 0.414915 0.448557 0.425428 0.454865 0.425428 0.445053 0.432437 0.43524 0.43524 0.444352 0.414915 0.433839 0.436642 0.439446 
0.19 0.418973 0.404365 0.426277 0.431588 0.420965 0.449516 0.44686 0.429597 0.418309 0.426277 0.446196 0.436236 0.423621 0.447524 0.444868 0.425613 0.442876 0.473419 0.432916 0.441548 0.425613 0.414989 0.44354 0.405693 0.421629 0.422293 0.427605 0.425613 0.457484 0.442212 0.442212 0.415653 0.424949 0.425613 0.420965 0.428269 0.416317 0.44354 0.454828 0.442876 0.428269 0.457484 0.425613 0.44354 0.427605 0.430924 0.423621 0.44686 0.426941 0.432916 
