0 -15.9584 0.00818648 -15.9502
0.002 -15.9829 0.0326667 -15.9502
0.004 -16.0234 0.0732046 -15.9502
0.006 -16.0797 0.129411 -15.9503
0.008 -16.1511 0.200751 -15.9503
0.01 -16.2369 0.286554 -15.9504
0.012 -16.3364 0.386024 -15.9504
0.014 -16.4487 0.498252 -15.9505
0.016 -16.5728 0.622234 -15.9505
0.018 -16.7075 0.756884 -15.9506
0.02 -16.8517 0.901054 -15.9507
0.022 -17.0043 1.05355 -15.9508
0.024 -17.164 1.21314 -15.9508
0.026 -17.3295 1.37858 -15.9509
0.028 -17.4996 1.54864 -15.951
0.03 -17.6731 1.72209 -15.9511
0.032 -17.8489 1.89773 -15.9511
0.034 -18.0256 2.07442 -15.9512
0.036 -18.2023 2.25105 -15.9513
0.038 -18.3779 2.42657 -15.9513
0.04 -18.5514 2.6 -15.9514
0.042 -18.7219 2.77045 -15.9514
0.044 -18.8885 2.93708 -15.9514
0.046 -19.0506 3.09914 -15.9515
0.048 -19.2075 3.25596 -15.9515
0.05 -19.3585 3.40693 -15.9515
0.052 -19.5031 3.55156 -15.9516
0.054 -19.641 3.6894 -15.9516
0.056 -19.7717 3.82009 -15.9516
0.058 -19.8949 3.94333 -15.9516
0.06 -20.0105 4.05889 -15.9516
0.062 -20.1182 4.16661 -15.9516
0.064 -20.218 4.26638 -15.9516
0.066 -20.3097 4.35815 -15.9516
0.068 -20.3935 4.44191 -15.9516
0.07 -20.4693 4.5177 -15.9516
0.072 -20.5371 4.58559 -15.9515
0.074 -20.5972 4.64571 -15.9515
0.076 -20.6497 4.69819 -15.9515
0.078 -20.6947 4.7432 -15.9515
0.08 -20.7324 4.78094 -15.9515
0.082 -20.7631 4.81161 -15.9515
0.084 -20.7869 4.83546 -15.9514
0.086 -20.8041 4.85271 -15.9514
0.088 -20.815 4.86362 -15.9514
0.09 -20.8198 4.86844 -15.9514
0.092 -20.8188 4.86745 -15.9513
0.094 -20.8122 4.86091 -15.9513
0.096 -20.8004 4.84908 -15.9513
0.098 -20.7835 4.83224 -15.9513
0.1 -20.7619 4.81064 -15.9513
0.102 -20.7358 4.78456 -15.9512
0.104 -20.7055 4.75425 -15.9512
0.106 -20.6712 4.71997 -15.9512
0.108 -20.6331 4.68197 -15.9512
0.11 -20.5916 4.64048 -15.9512
0.112 -20.5469 4.59574 -15.9511
0.114 -20.4991 4.54799 -15.9511
0.116 -20.4486 4.49744 -15.9511
0.118 -20.3954 4.44431 -15.9511
0.12 -20.3399 4.3888 -15.9511
0.122 -20.2822 4.33112 -15.9511
0.124 -20.2225 4.27144 -15.9511
0.126 -20.161 4.20997 -15.951
0.128 -20.0979 4.14686 -15.951
0.13 -20.0333 4.08229 -15.951
0.132 -19.9674 4.01642 -15.951
0.134 -19.9004 3.9494 -15.951
0.136 -19.8324 3.88137 -15.951
0.138 -19.7635 3.81248 -15.951
0.14 -19.6938 3.74286 -15.951
0.142 -19.6236 3.67263 -15.951
0.144 -19.5529 3.60192 -15.9509
0.146 -19.4818 3.53083 -15.9509
0.148 -19.4104 3.45947 -15.9509
0.15 -19.3389 3.38794 -15.9509
0.152 -19.2673 3.31635 -15.9509
0.154 -19.1957 3.24478 -15.9509
0.156 -19.1242 3.17332 -15.9509
0.158 -19.053 3.10206 -15.9509
0.16 -18.9819 3.03106 -15.9509
0.162 -18.9113 2.9604 -15.9509
0.164 -18.841 2.89015 -15.9509
0.166 -18.7712 2.82037 -15.9509
0.168 -18.702 2.75113 -15.9509
0.17 -18.6334 2.68249 -15.9509
0.172 -18.5654 2.61449 -15.9509
0.174 -18.498 2.54719 -15.9509
0.176 -18.4315 2.48064 -15.9509
0.178 -18.3657 2.41488 -15.9509
0.18 -18.3008 2.34995 -15.9509
0.182 -18.2367 2.2859 -15.9508
0.184 -18.1736 2.22276 -15.9508
0.186 -18.1114 2.16056 -15.9508
0.188 -18.0502 2.09935 -15.9508
0.19 -17.99 2.03914 -15.9508
0.192 -17.9308 1.97997 -15.9508
0.194 -17.8727 1.92187 -15.9508
0.196 -17.8157 1.86485 -15.9508
0.198 -17.7598 1.80896 -15.9508
0.2 -17.705 1.75419 -15.9508
0.202 -17.6514 1.70058 -15.9508
0.204 -17.599 1.64815 -15.9508
0.206 -17.5477 1.59691 -15.9508
0.208 -17.4977 1.54687 -15.9508
0.21 -17.4489 1.49807 -15.9508
0.212 -17.4013 1.4505 -15.9508
0.214 -17.355 1.40418 -15.9508
0.216 -17.3099 1.35912 -15.9508
0.218 -17.2662 1.31534 -15.9508
0.22 -17.2237 1.27285 -15.9508
0.222 -17.1825 1.23165 -15.9508
0.224 -17.1426 1.19176 -15.9508
0.226 -17.104 1.15318 -15.9508
0.228 -17.0667 1.11592 -15.9508
0.23 -17.0308 1.07999 -15.9508
0.232 -16.9962 1.04539 -15.9508
0.234 -16.963 1.01214 -15.9508
0.236 -16.931 0.980227 -15.9508
0.238 -16.9005 0.94967 -15.9508
0.24 -16.8713 0.920469 -15.9508
0.242 -16.8434 0.89263 -15.9508
0.244 -16.817 0.866156 -15.9508
0.246 -16.7919 0.841051 -15.9508
0.248 -16.7681 0.817319 -15.9508
0.25 -16.7458 0.794962 -15.9508
0.252 -16.7248 0.773985 -15.9508
0.254 -16.7052 0.75439 -15.9508
0.256 -16.687 0.73618 -15.9508
0.258 -16.6702 0.719356 -15.9508
0.26 -16.6547 0.703922 -15.9508
0.262 -16.6407 0.689879 -15.9508
0.264 -16.628 0.67723 -15.9508
0.266 -16.6168 0.665975 -15.9508
0.268 -16.6069 0.656118 -15.9508
0.27 -16.5985 0.647659 -15.9508
0.272 -16.5914 0.640601 -15.9508
0.274 -16.5858 0.634943 -15.9508
0.276 -16.5815 0.630688 -15.9508
0.278 -16.5786 0.627837 -15.9508
0.28 -16.5772 0.626391 -15.9508
0.282 -16.5772 0.62635 -15.9508
0.284 -16.5785 0.627716 -15.9508
0.286 -16.5813 0.630488 -15.9508
0.288 -16.5855 0.634669 -15.9508
0.29 -16.5911 0.640257 -15.9508
0.292 -16.5981 0.647254 -15.9508
0.294 -16.6065 0.65566 -15.9508
0.296 -16.6163 0.665474 -15.9508
0.298 -16.6275 0.676696 -15.9508
0.3 -16.6401 0.689326 -15.9508
0.302 -16.6542 0.703363 -15.9508
0.304 -16.6696 0.718807 -15.9508
0.306 -16.6865 0.735655 -15.9508
0.308 -16.7047 0.753907 -15.9508
0.31 -16.7244 0.773561 -15.9508
0.312 -16.7454 0.794615 -15.9508
0.314 -16.7679 0.817066 -15.9508
0.316 -16.7917 0.840911 -15.9508
0.318 -16.817 0.866147 -15.9508
0.32 -16.8436 0.892771 -15.9508
0.322 -16.8716 0.920777 -15.9508
0.324 -16.901 0.950161 -15.9508
0.326 -16.9317 0.980917 -15.9508
0.328 -16.9639 1.01304 -15.9508
0.33 -16.9973 1.04652 -15.9508
0.332 -17.0322 1.08135 -15.9508
0.334 -17.0683 1.11753 -15.9508
0.336 -17.1059 1.15504 -15.9508
0.338 -17.1447 1.19387 -15.9508
0.34 -17.1848 1.23401 -15.9508
0.342 -17.2263 1.27545 -15.9508
0.344 -17.269 1.31817 -15.9508
0.346 -17.313 1.36216 -15.9508
0.348 -17.3582 1.40741 -15.9508
0.35 -17.4047 1.45389 -15.9508
0.352 -17.4524 1.50158 -15.9508
0.354 -17.5013 1.55047 -15.9508
0.356 -17.5514 1.60053 -15.9508
0.358 -17.6026 1.65174 -15.9508
0.36 -17.6549 1.70406 -15.9508
0.362 -17.7083 1.75748 -15.9508
0.364 -17.7628 1.81196 -15.9508
0.366 -17.8183 1.86746 -15.9508
0.368 -17.8748 1.92396 -15.9508
0.37 -17.9323 1.98141 -15.9508
0.372 -17.9906 2.03978 -15.9509
0.374 -18.0499 2.09901 -15.9509
0.376 -18.1099 2.15908 -15.9509
0.378 -18.1708 2.21992 -15.9509
0.38 -18.2324 2.28149 -15.9509
0.382 -18.2946 2.34373 -15.9509
0.384 -18.3575 2.40659 -15.9509
0.386 -18.4209 2.47001 -15.9509
0.388 -18.4848 2.53393 -15.9509
0.39 -18.5492 2.59827 -15.9509
0.392 -18.6139 2.66298 -15.9509
0.394 -18.6789 2.72798 -15.9509
0.396 -18.7441 2.79319 -15.9509
0.398 -18.8095 2.85855 -15.9509
0.4 -18.8749 2.92398 -15.9509
0.402 -18.9403 2.98939 -15.9509
0.404 -19.0056 3.0547 -15.9509
0.406 -19.0708 3.11983 -15.9509
0.408 -19.1356 3.1847 -15.9509
0.41 -19.2002 3.24922 -15.951
0.412 -19.2643 3.3133 -15.951
0.414 -19.3278 3.37687 -15.951
0.416 -19.3908 3.43983 -15.951
0.418 -19.4531 3.5021 -15.951
0.42 -19.5146 3.56361 -15.951
0.422 -19.5753 3.62427 -15.951
0.424 -19.635 3.68402 -15.951
0.426 -19.6938 3.74278 -15.951
0.428 -19.7515 3.80049 -15.951
0.43 -19.8081 3.8571 -15.951
0.432 -19.8636 3.91255 -15.951
0.434 -19.9178 3.96679 -15.951
0.436 -19.9708 4.0198 -15.951
0.438 -20.0226 4.07154 -15.951
0.44 -20.073 4.122 -15.951
0.442 -20.1222 4.17116 -15.951
0.444 -20.1701 4.21903 -15.951
0.446 -20.2167 4.26562 -15.951
0.448 -20.262 4.31094 -15.951
0.45 -20.3061 4.35501 -15.951
0.452 -20.3489 4.39788 -15.951
0.454 -20.3906 4.43958 -15.951
0.456 -20.4312 4.48014 -15.9511
0.458 -20.4707 4.51962 -15.9511
0.46 -20.5091 4.55807 -15.9511
0.462 -20.5466 4.59552 -15.9511
0.464 -20.5831 4.63203 -15.9511
0.466 -20.6187 4.66763 -15.9511
0.468 -20.6534 4.70235 -15.9511
0.47 -20.6873 4.73622 -15.9511
0.472 -20.7203 4.76924 -15.9511
0.474 -20.7525 4.80143 -15.9511
0.476 -20.7838 4.83275 -15.9511
0.478 -20.8143 4.86319 -15.9511
0.48 -20.8438 4.8927 -15.9511
0.482 -20.8723 4.92122 -15.9511
0.484 -20.8998 4.94869 -15.9511
0.486 -20.9261 4.97503 -15.9511
0.488 -20.9513 5.00013 -15.9511
0.49 -20.9751 5.02391 -15.9511
0.492 -20.9974 5.04626 -15.9511
0.494 -21.0182 5.06707 -15.9512
0.496 -21.0374 5.08625 -15.9512
0.498 -21.0549 5.10369 -15.9512
0.5 -21.0705 5.11931 -15.9512
0.502 -21.0842 5.13304 -15.9512
0.504 -21.096 5.14482 -15.9512
0.506 -21.1058 5.15463 -15.9512
0.508 -21.1137 5.16245 -15.9512
0.51 -21.1195 5.1683 -15.9512
0.512 -21.1234 5.17223 -15.9512
0.514 -21.1255 5.17431 -15.9512
0.516 -21.1258 5.17463 -15.9512
0.518 -21.1245 5.17334 -15.9512
0.52 -21.1218 5.17058 -15.9512
0.522 -21.1177 5.16654 -15.9512
0.524 -21.1126 5.16142 -15.9512
0.526 -21.1066 5.15545 -15.9512
0.528 -21.1 5.14885 -15.9511
0.53 -21.093 5.14188 -15.9511
0.532 -21.0859 5.13478 -15.9511
0.534 -21.0789 5.12781 -15.9511
0.536 -21.0723 5.12121 -15.9511
0.538 -21.0663 5.11523 -15.9511
0.54 -21.0612 5.11011 -15.9511
0.542 -21.0571 5.10606 -15.951
0.544 -21.0543 5.1033 -15.951
0.546 -21.053 5.102 -15.951
0.548 -21.0534 5.10235 -15.951
0.55 -21.0555 5.10451 -15.951
0.552 -21.0596 5.10861 -15.951
0.554 -21.0658 5.11478 -15.951
0.556 -21.0741 5.12313 -15.951
0.558 -21.0848 5.13378 -15.951
0.56 -21.0978 5.1468 -15.951
0.562 -21.1133 5.16229 -15.951
0.564 -21.1313 5.18033 -15.951
0.566 -21.152 5.20098 -15.951
0.568 -21.1753 5.22432 -15.951
0.57 -21.2014 5.25041 -15.951
0.572 -21.2303 5.2793 -15.951
0.574 -21.262 5.31103 -15.951
0.576 -21.2966 5.34565 -15.951
0.578 -21.3341 5.38318 -15.951
0.58 -21.3746 5.42361 -15.951
0.582 -21.4179 5.46694 -15.951
0.584 -21.4641 5.51311 -15.951
0.586 -21.513 5.56208 -15.951
0.588 -21.5647 5.61372 -15.951
0.59 -21.6189 5.66792 -15.951
0.592 -21.6755 5.7245 -15.951
0.594 -21.7343 5.78326 -15.951
0.596 -21.795 5.84397 -15.951
0.598 -21.8574 5.90635 -15.951
0.6 -21.9212 5.9701 -15.9511
0.602 -21.986 6.03487 -15.9511
0.604 -22.0514 6.10032 -15.9511
0.606 -22.1172 6.16607 -15.9511
0.608 -22.1829 6.23172 -15.9511
0.61 -22.248 6.29687 -15.9512
0.612 -22.3123 6.36113 -15.9512
0.614 -22.3753 6.42408 -15.9512
0.616 -22.4366 6.48534 -15.9512
0.618 -22.4958 6.54454 -15.9513
0.62 -22.5526 6.60132 -15.9513
0.622 -22.6066 6.65535 -15.9513
0.624 -22.6576 6.70633 -15.9513
0.626 -22.7053 6.75399 -15.9513
0.628 -22.7494 6.79808 -15.9513
0.63 -22.7897 6.83841 -15.9513
0.632 -22.8261 6.87481 -15.9513
0.634 -22.8585 6.90712 -15.9513
0.636 -22.8866 6.93525 -15.9513
0.638 -22.9105 6.95912 -15.9513
0.64 -22.93 6.97869 -15.9513
0.642 -22.9453 6.99394 -15.9513
0.644 -22.9562 7.00486 -15.9513
0.646 -22.9628 7.01149 -15.9513
0.648 -22.9652 7.01386 -15.9513
0.65 -22.9633 7.01205 -15.9513
0.652 -22.9574 7.00611 -15.9513
0.654 -22.9474 6.99614 -15.9513
0.656 -22.9335 6.98222 -15.9513
0.658 -22.9157 6.96446 -15.9513
0.66 -22.8942 6.94296 -15.9513
0.662 -22.8691 6.91782 -15.9512
0.664 -22.8404 6.88915 -15.9512
0.666 -22.8083 6.85707 -15.9512
0.668 -22.7729 6.82167 -15.9512
0.67 -22.7343 6.78308 -15.9512
0.672 -22.6926 6.7414 -15.9512
0.674 -22.6479 6.69675 -15.9512
0.676 -22.6004 6.64923 -15.9512
0.678 -22.5501 6.59896 -15.9512
0.68 -22.4972 6.54604 -15.9512
0.682 -22.4417 6.4906 -15.9511
0.684 -22.3839 6.43274 -15.9511
0.686 -22.3237 6.37258 -15.9511
0.688 -22.2614 6.31026 -15.9511
0.69 -22.197 6.24588 -15.9511
0.692 -22.1307 6.17959 -15.9511
0.694 -22.0626 6.11151 -15.9511
0.696 -21.9929 6.04179 -15.9511
0.698 -21.9216 5.97056 -15.9511
0.7 -21.849 5.89798 -15.9511
0.702 -21.7752 5.8242 -15.951
0.704 -21.7004 5.74937 -15.951
0.706 -21.6247 5.67367 -15.951
0.708 -21.5483 5.59725 -15.951
0.71 -21.4713 5.52028 -15.951
0.712 -21.3939 5.44294 -15.951
0.714 -21.3164 5.3654 -15.951
0.716 -21.2388 5.28784 -15.951
0.718 -21.1614 5.21042 -15.951
0.72 -21.0843 5.13332 -15.9509
0.722 -21.0076 5.05672 -15.9509
0.724 -20.9317 4.98077 -15.9509
0.726 -20.8566 4.90564 -15.9509
0.728 -20.7824 4.8315 -15.9509
0.73 -20.7094 4.75847 -15.9509
0.732 -20.6376 4.68672 -15.9509
0.734 -20.5672 4.61637 -15.9509
0.736 -20.4984 4.54754 -15.9509
0.738 -20.4312 4.48034 -15.9509
0.74 -20.3657 4.41488 -15.9509
0.742 -20.3021 4.35124 -15.9508
0.744 -20.2403 4.28949 -15.9508
0.746 -20.1805 4.2297 -15.9508
0.748 -20.1227 4.17191 -15.9508
0.75 -20.067 4.11615 -15.9508
0.752 -20.0133 4.06244 -15.9508
0.754 -19.9616 4.01078 -15.9508
0.756 -19.912 3.96116 -15.9508
0.758 -19.8644 3.91357 -15.9508
0.76 -19.8188 3.86795 -15.9508
0.762 -19.7751 3.82428 -15.9508
0.764 -19.7333 3.78248 -15.9509
0.766 -19.6933 3.74249 -15.9509
0.768 -19.6551 3.70424 -15.9509
0.77 -19.6185 3.66765 -15.9509
0.772 -19.5835 3.63263 -15.9509
0.774 -19.55 3.59909 -15.9509
0.776 -19.5178 3.56694 -15.9509
0.778 -19.487 3.53608 -15.9509
0.78 -19.4573 3.50643 -15.9509
0.782 -19.4288 3.4779 -15.9509
0.784 -19.4013 3.4504 -15.9509
0.786 -19.3748 3.42385 -15.9509
0.788 -19.3491 3.39818 -15.9509
0.79 -19.3242 3.37331 -15.9509
0.792 -19.3001 3.34919 -15.9509
0.794 -19.2767 3.32576 -15.9509
0.796 -19.2539 3.30298 -15.9509
0.798 -19.2317 3.28081 -15.9509
0.8 -19.2101 3.25922 -15.9509
0.802 -19.1891 3.23819 -15.9509
0.804 -19.1686 3.21772 -15.9509
0.806 -19.1487 3.19778 -15.9509
0.808 -19.1293 3.17838 -15.9509
0.81 -19.1105 3.15953 -15.9509
0.812 -19.0922 3.14124 -15.9509
0.814 -19.0744 3.12352 -15.9509
0.816 -19.0573 3.10638 -15.9509
0.818 -19.0408 3.08985 -15.9509
0.82 -19.0249 3.07394 -15.9509
0.822 -19.0096 3.05868 -15.9509
0.824 -18.995 3.04407 -15.9509
0.826 -18.981 3.03014 -15.9509
0.828 -18.9678 3.01688 -15.9509
0.83 -18.9552 3.00432 -15.9509
0.832 -18.9434 2.99245 -15.9509
0.834 -18.9322 2.98126 -15.9509
0.836 -18.9216 2.97075 -15.9509
0.838 -18.9118 2.96089 -15.9509
0.84 -18.9026 2.95168 -15.9509
0.842 -18.894 2.94307 -15.9509
0.844 -18.8859 2.93503 -15.9509
0.846 -18.8784 2.92753 -15.9509
0.848 -18.8714 2.92052 -15.9509
0.85 -18.8649 2.91395 -15.9509
0.852 -18.8587 2.90776 -15.9509
0.854 -18.8528 2.9019 -15.9509
0.856 -18.8472 2.89631 -15.9509
0.858 -18.8419 2.89093 -15.9509
0.86 -18.8366 2.88569 -15.9509
0.862 -18.8315 2.88053 -15.9509
0.864 -18.8263 2.8754 -15.9509
0.866 -18.8212 2.87023 -15.9509
0.868 -18.8159 2.86496 -15.9509
0.87 -18.8105 2.85955 -15.9509
0.872 -18.8049 2.85395 -15.9509
0.874 -18.7991 2.8481 -15.9509
0.876 -18.7929 2.84198 -15.9509
0.878 -18.7865 2.83554 -15.951
0.88 -18.7797 2.82875 -15.951
0.882 -18.7725 2.82159 -15.951
0.884 -18.765 2.81404 -15.951
0.886 -18.757 2.80609 -15.951
0.888 -18.7487 2.79773 -15.9509
0.89 -18.7399 2.78896 -15.9509
0.892 -18.7307 2.77979 -15.9509
0.894 -18.7212 2.77022 -15.9509
0.896 -18.7112 2.76026 -15.9509
0.898 -18.7009 2.74995 -15.9509
0.9 -18.6902 2.7393 -15.9509
0.902 -18.6793 2.72833 -15.9509
0.904 -18.668 2.71708 -15.9509
0.906 -18.6565 2.70559 -15.9509
0.908 -18.6448 2.69389 -15.9509
0.91 -18.6329 2.68201 -15.9509
0.912 -18.6209 2.67001 -15.9509
0.914 -18.6088 2.65793 -15.9509
0.916 -18.5967 2.6458 -15.9509
0.918 -18.5846 2.63368 -15.9509
0.92 -18.5725 2.62161 -15.9509
0.922 -18.5605 2.60963 -15.9509
0.924 -18.5487 2.59779 -15.9509
0.926 -18.537 2.58614 -15.9509
0.928 -18.5256 2.57473 -15.9509
0.93 -18.5145 2.56358 -15.9509
0.932 -18.5036 2.55275 -15.9509
0.934 -18.4932 2.54227 -15.9509
0.936 -18.4831 2.53219 -15.9509
0.938 -18.4734 2.52253 -15.9509
0.94 -18.4642 2.51333 -15.9509
0.942 -18.4555 2.50463 -15.9509
0.944 -18.4473 2.49645 -15.9509
0.946 -18.4397 2.48882 -15.9509
0.948 -18.4326 2.48176 -15.9509
0.95 -18.4262 2.47529 -15.9509
0.952 -18.4203 2.46942 -15.9509
0.954 -18.4151 2.46419 -15.9509
0.956 -18.4105 2.45959 -15.9509
0.958 -18.4065 2.45563 -15.9509
0.96 -18.4032 2.45233 -15.9509
0.962 -18.4006 2.44969 -15.9509
0.964 -18.3986 2.44771 -15.9509
0.966 -18.3972 2.44638 -15.9509
0.968 -18.3966 2.44571 -15.9509
0.97 -18.3965 2.44568 -15.9509
0.972 -18.3972 2.4463 -15.9509
0.974 -18.3984 2.44755 -15.9509
0.976 -18.4003 2.44942 -15.9509
0.978 -18.4028 2.45189 -15.9509
0.98 -18.4058 2.45495 -15.9509
0.982 -18.4095 2.45859 -15.9509
0.984 -18.4137 2.46278 -15.9509
0.986 -18.4184 2.46751 -15.9509
0.988 -18.4236 2.47275 -15.9509
0.99 -18.4294 2.47849 -15.9509
0.992 -18.4356 2.4847 -15.9509
0.994 -18.4422 2.49135 -15.9509
0.996 -18.4493 2.49843 -15.9509
0.998 -18.4568 2.5059 -15.9509
1 -18.4646 2.51375 -15.9509
1.002 -18.4728 2.52195 -15.9509
1.004 -18.4814 2.53047 -15.9509
1.006 -18.4902 2.53929 -15.9509
1.008 -18.4993 2.54838 -15.9509
1.01 -18.5086 2.55772 -15.9509
1.012 -18.5182 2.56727 -15.9509
1.014 -18.5279 2.57703 -15.9509
1.016 -18.5379 2.58696 -15.9509
1.018 -18.5479 2.59704 -15.9509
1.02 -18.5581 2.60724 -15.9509
1.022 -18.5685 2.61755 -15.9509
1.024 -18.5789 2.62795 -15.9509
1.026 -18.5893 2.6384 -15.9509
1.028 -18.5998 2.6489 -15.9509
1.03 -18.6103 2.65943 -15.9509
1.032 -18.6209 2.66997 -15.9509
1.034 -18.6314 2.68051 -15.9509
1.036 -18.6419 2.69103 -15.9509
1.038 -18.6524 2.70153 -15.9509
1.04 -18.6629 2.71199 -15.9509
1.042 -18.6733 2.7224 -15.9509
1.044 -18.6837 2.73277 -15.9509
1.046 -18.694 2.74309 -15.9509
1.048 -18.7043 2.75336 -15.9509
1.05 -18.7145 2.76358 -15.9509
1.052 -18.7247 2.77375 -15.9509
1.054 -18.7348 2.78388 -15.9509
1.056 -18.7449 2.79399 -15.9509
1.058 -18.755 2.80408 -15.9509
1.06 -18.7651 2.81416 -15.9509
1.062 -18.7752 2.82425 -15.9509
1.064 -18.7853 2.83436 -15.9509
1.066 -18.7954 2.84452 -15.9509
1.068 -18.8057 2.85475 -15.9509
1.07 -18.816 2.86506 -15.9509
1.072 -18.8264 2.87548 -15.9509
1.074 -18.8369 2.88603 -15.9509
1.076 -18.8476 2.89673 -15.9509
1.078 -18.8585 2.90761 -15.9509
1.08 -18.8696 2.91868 -15.9509
1.082 -18.8809 2.92998 -15.9509
1.084 -18.8924 2.9415 -15.9509
1.086 -18.9042 2.95329 -15.9509
1.088 -18.9162 2.96533 -15.9509
1.09 -18.9286 2.97766 -15.9509
1.092 -18.9412 2.99027 -15.9509
1.094 -18.9541 3.00316 -15.9509
1.096 -18.9673 3.01635 -15.9509
1.098 -18.9807 3.02981 -15.9509
1.1 -18.9945 3.04353 -15.9509
1.102 -19.0084 3.05751 -15.9509
1.104 -19.0226 3.07171 -15.9509
1.106 -19.037 3.0861 -15.9509
1.108 -19.0516 3.10065 -15.9509
1.11 -19.0663 3.11532 -15.9509
1.112 -19.081 3.13005 -15.9509
1.114 -19.0958 3.1448 -15.9509
1.116 -19.1105 3.1595 -15.951
1.118 -19.1251 3.17409 -15.951
1.12 -19.1395 3.1885 -15.951
1.122 -19.1536 3.20264 -15.951
1.124 -19.1674 3.21645 -15.951
1.126 -19.1808 3.22985 -15.951
1.128 -19.1937 3.24275 -15.951
1.13 -19.2061 3.25507 -15.951
1.132 -19.2177 3.26673 -15.951
1.134 -19.2287 3.27766 -15.951
1.136 -19.2388 3.28779 -15.951
1.138 -19.2481 3.29705 -15.951
1.14 -19.2564 3.30537 -15.951
1.142 -19.2638 3.31273 -15.951
1.144 -19.2701 3.31908 -15.9511
1.146 -19.2755 3.3244 -15.9511
1.148 -19.2798 3.3287 -15.9511
1.15 -19.283 3.33198 -15.9511
1.152 -19.2854 3.3343 -15.9511
1.154 -19.2868 3.3357 -15.9511
1.156 -19.2873 3.33628 -15.951
1.158 -19.2872 3.33614 -15.951
1.16 -19.2865 3.33543 -15.951
1.162 -19.2853 3.33432 -15.951
1.164 -19.284 3.333 -15.951
1.166 -19.2827 3.3317 -15.951
1.168 -19.2817 3.33067 -15.951
1.17 -19.2812 3.33019 -15.951
1.172 -19.2815 3.33056 -15.9509
1.174 -19.283 3.3321 -15.9509
1.176 -19.2861 3.33515 -15.9509
1.178 -19.291 3.34007 -15.9509
1.18 -19.2981 3.34722 -15.9509
1.182 -19.3078 3.35697 -15.9508
1.184 -19.3205 3.36967 -15.9508
1.186 -19.3365 3.38567 -15.9508
1.188 -19.3561 3.40532 -15.9508
1.19 -19.3797 3.42894 -15.9508
1.192 -19.4075 3.4568 -15.9508
1.194 -19.4399 3.48917 -15.9507
1.196 -19.477 3.52626 -15.9507
1.198 -19.519 3.56827 -15.9507
1.2 -19.566 3.61531 -15.9507
1.202 -19.6182 3.66747 -15.9507
1.204 -19.6755 3.72481 -15.9507
1.206 -19.738 3.78731 -15.9507
1.208 -19.8056 3.85491 -15.9507
1.21 -19.8783 3.92753 -15.9507
1.212 -19.9558 4.00502 -15.9507
1.214 -20.038 4.0872 -15.9508
1.216 -20.1246 4.17387 -15.9508
1.218 -20.2156 4.26477 -15.9508
1.22 -20.3104 4.35965 -15.9508
1.222 -20.409 4.4582 -15.9508
1.224 -20.511 4.56012 -15.9508
1.226 -20.6159 4.66509 -15.9509
1.228 -20.7237 4.77277 -15.9509
1.23 -20.8337 4.88283 -15.9509
1.232 -20.9458 4.99492 -15.9509
1.234 -21.0596 5.1087 -15.9509
1.236 -21.1748 5.22382 -15.951
1.238 -21.2909 5.33996 -15.951
1.24 -21.4078 5.45678 -15.951
1.242 -21.525 5.57396 -15.951
1.244 -21.6422 5.69119 -15.951
1.246 -21.7592 5.80816 -15.951
1.248 -21.8756 5.92459 -15.9511
1.25 -21.9913 6.0402 -15.9511
1.252 -22.1058 6.15472 -15.9511
1.254 -22.219 6.2679 -15.9511
1.256 -22.3306 6.37951 -15.9511
1.258 -22.4404 6.48931 -15.9511
1.26 -22.5482 6.59709 -15.9511
1.262 -22.6538 6.70266 -15.9511
1.264 -22.757 6.80582 -15.9512
1.266 -22.8576 6.90639 -15.9512
1.268 -22.9554 7.00419 -15.9512
1.27 -23.0502 7.09906 -15.9512
1.272 -23.142 7.19084 -15.9512
1.274 -23.2306 7.27937 -15.9512
1.276 -23.3157 7.36449 -15.9512
1.278 -23.3973 7.44603 -15.9512
1.28 -23.4751 7.52384 -15.9512
1.282 -23.549 7.59774 -15.9513
1.284 -23.6188 7.66754 -15.9513
1.286 -23.6843 7.73306 -15.9513
1.288 -23.7454 7.79409 -15.9513
1.29 -23.8017 7.85039 -15.9513
1.292 -23.8531 7.90173 -15.9513
1.294 -23.8992 7.94783 -15.9514
1.296 -23.9398 7.98842 -15.9514
1.298 -23.9746 8.02316 -15.9514
1.3 -24.0032 8.05174 -15.9514
1.302 -24.0253 8.07378 -15.9515
1.304 -24.0404 8.08888 -15.9515
1.306 -24.0482 8.09665 -15.9515
1.308 -24.0482 8.09664 -15.9516
1.31 -24.04 8.0884 -15.9516
1.312 -24.0231 8.07146 -15.9517
1.314 -23.9971 8.04537 -15.9517
1.316 -23.9614 8.00964 -15.9518
1.318 -23.9156 7.96383 -15.9518
1.32 -23.8594 7.90752 -15.9518
1.322 -23.7922 7.84033 -15.9519
1.324 -23.7139 7.76195 -15.9519
1.326 -23.6241 7.67215 -15.9519
1.328 -23.5228 7.57082 -15.952
1.33 -23.41 7.45799 -15.952
1.332 -23.2858 7.33384 -15.952
1.334 -23.1507 7.19877 -15.952
1.336 -23.0053 7.05338 -15.9519
1.338 -22.8504 6.89853 -15.9519
1.34 -22.6872 6.73537 -15.9518
1.342 -22.517 6.56531 -15.9517
1.344 -22.3417 6.39006 -15.9516
1.346 -22.1631 6.21165 -15.9515
1.348 -21.9837 6.03233 -15.9513
1.35 -21.8058 5.85461 -15.9512
1.352 -21.6322 5.68118 -15.951
1.354 -21.4657 5.51482 -15.9508
1.356 -21.3091 5.35837 -15.9507
1.358 -21.1651 5.21456 -15.9505
1.36 -21.0363 5.08595 -15.9504
1.362 -20.9251 4.97485 -15.9503
1.364 -20.8333 4.88314 -15.9502
1.366 -20.7624 4.81227 -15.9501
1.368 -20.7133 4.76314 -15.9501
1.37 -20.6862 4.73607 -15.9501
1.372 -20.681 4.73081 -15.9502
1.374 -20.6968 4.74652 -15.9503
1.376 -20.7323 4.78187 -15.9504
1.378 -20.7856 4.83505 -15.9505
1.38 -20.8546 4.90389 -15.9507
1.382 -20.9368 4.98598 -15.9508
1.384 -21.0297 5.07873 -15.951
1.386 -21.1307 5.1795 -15.9512
1.388 -21.237 5.28572 -15.9513
1.39 -21.3464 5.39492 -15.9515
1.392 -21.4564 5.50483 -15.9516
1.394 -21.5651 5.61342 -15.9517
1.396 -21.6707 5.71894 -15.9517
1.398 -21.7718 5.81995 -15.9518
1.4 -21.8671 5.9153 -15.9518
1.402 -21.956 6.00412 -15.9519
1.404 -22.0377 6.08584 -15.9519
1.406 -22.112 6.16014 -15.9518
1.408 -22.1788 6.22694 -15.9518
1.41 -22.2381 6.28634 -15.9518
1.412 -22.2904 6.33863 -15.9517
1.414 -22.3359 6.38423 -15.9517
1.416 -22.3753 6.42368 -15.9516
1.418 -22.4092 6.4576 -15.9516
1.42 -22.4382 6.48666 -15.9515
1.422 -22.463 6.51157 -15.9515
1.424 -22.4844 6.53305 -15.9514
1.426 -22.5031 6.5518 -15.9513
1.428 -22.5198 6.56851 -15.9513
1.43 -22.5351 6.58382 -15.9512
1.432 -22.5495 6.59828 -15.9512
1.434 -22.5636 6.6124 -15.9512
1.436 -22.5777 6.62661 -15.9511
1.438 -22.5923 6.64124 -15.9511
1.44 -22.6076 6.65653 -15.9511
1.442 -22.6237 6.67262 -15.9511
1.444 -22.6407 6.68958 -15.9511
1.446 -22.6584 6.70736 -15.9511
1.448 -22.6769 6.72586 -15.9511
1.45 -22.696 6.74489 -15.9511
1.452 -22.7153 6.76419 -15.9511
1.454 -22.7346 6.78346 -15.9511
1.456 -22.7535 6.80235 -15.9511
1.458 -22.7716 6.82047 -15.9512
1.46 -22.7886 6.83745 -15.9512
1.462 -22.8041 6.85288 -15.9512
1.464 -22.8176 6.86637 -15.9512
1.466 -22.8288 6.87755 -15.9512
1.468 -22.8373 6.88607 -15.9513
1.47 -22.8429 6.89163 -15.9513
1.472 -22.8452 6.89395 -15.9513
1.474 -22.8441 6.89279 -15.9513
1.476 -22.8393 6.88798 -15.9513
1.478 -22.8307 6.87937 -15.9513
1.48 -22.8182 6.8669 -15.9513
1.482 -22.8018 6.85051 -15.9513
1.484 -22.7815 6.83022 -15.9513
1.486 -22.7574 6.80608 -15.9513
1.488 -22.7295 6.7782 -15.9513
1.49 -22.6979 6.7467 -15.9512
1.492 -22.663 6.71177 -15.9512
1.494 -22.6248 6.67361 -15.9512
1.496 -22.5836 6.63244 -15.9512
1.498 -22.5397 6.58854 -15.9512
1.5 -22.4933 6.54219 -15.9511
1.502 -22.4448 6.49367 -15.9511
1.504 -22.3944 6.44331 -15.9511
1.506 -22.3425 6.39143 -15.9511
1.508 -22.2894 6.33835 -15.951
1.51 -22.2354 6.28441 -15.951
1.512 -22.1809 6.22995 -15.951
1.514 -22.1263 6.17529 -15.951
1.516 -22.0717 6.12075 -15.951
1.518 -22.0176 6.06666 -15.9509
1.52 -21.9642 6.0133 -15.9509
1.522 -21.9119 5.96097 -15.9509
1.524 -21.8608 5.90993 -15.9509
1.526 -21.8113 5.86043 -15.9509
1.528 -21.7635 5.8127 -15.9508
1.53 -21.7177 5.76692 -15.9508
1.532 -21.6741 5.72327 -15.9508
1.534 -21.6327 5.6819 -15.9508
1.536 -21.5937 5.64292 -15.9508
1.538 -21.5572 5.60642 -15.9508
1.54 -21.5233 5.57246 -15.9508
1.542 -21.4919 5.54106 -15.9508
1.544 -21.463 5.51223 -15.9508
1.546 -21.4367 5.48594 -15.9508
1.548 -21.4129 5.46214 -15.9508
1.55 -21.3916 5.44076 -15.9508
1.552 -21.3725 5.4217 -15.9508
1.554 -21.3557 5.40485 -15.9508
1.556 -21.3409 5.39008 -15.9508
1.558 -21.3281 5.37725 -15.9508
1.56 -21.3171 5.36621 -15.9508
1.562 -21.3077 5.3568 -15.9509
1.564 -21.2997 5.34885 -15.9509
1.566 -21.2931 5.3422 -15.9509
1.568 -21.2876 5.33667 -15.9509
1.57 -21.283 5.33211 -15.9509
1.572 -21.2793 5.32835 -15.9509
1.574 -21.2762 5.32524 -15.9509
1.576 -21.2735 5.32263 -15.9509
1.578 -21.2713 5.32038 -15.9509
1.58 -21.2693 5.31836 -15.9509
1.582 -21.2674 5.31647 -15.9509
1.584 -21.2655 5.31458 -15.9509
1.586 -21.2636 5.31261 -15.951
1.588 -21.2614 5.31047 -15.951
1.59 -21.2591 5.3081 -15.951
1.592 -21.2564 5.30542 -15.951
1.594 -21.2534 5.30239 -15.951
1.596 -21.2499 5.29897 -15.951
1.598 -21.2461 5.29513 -15.951
1.6 -21.2418 5.29085 -15.951
1.602 -21.2371 5.28612 -15.951
1.604 -21.2319 5.28092 -15.951
1.606 -21.2262 5.27527 -15.951
1.608 -21.2201 5.26916 -15.951
1.61 -21.2136 5.26261 -15.951
1.612 -21.2066 5.25563 -15.951
1.614 -21.1992 5.24825 -15.951
1.616 -21.1914 5.24048 -15.9509
1.618 -21.1833 5.23235 -15.9509
1.62 -21.1748 5.22388 -15.9509
1.622 -21.166 5.2151 -15.9509
1.624 -21.157 5.20604 -15.9509
1.626 -21.1477 5.19672 -15.9509
1.628 -21.1381 5.18716 -15.9509
1.63 -21.1283 5.17739 -15.9509
1.632 -21.1184 5.16744 -15.9509
1.634 -21.1082 5.1573 -15.9509
1.636 -21.0979 5.14702 -15.9509
1.638 -21.0875 5.13659 -15.9509
1.64 -21.077 5.12603 -15.9509
1.642 -21.0663 5.11535 -15.9509
1.644 -21.0555 5.10455 -15.9509
1.646 -21.0446 5.09363 -15.9509
1.648 -21.0335 5.08258 -15.9509
1.65 -21.0223 5.07139 -15.9509
1.652 -21.011 5.06006 -15.9509
1.654 -20.9995 5.04857 -15.9509
1.656 -20.9878 5.03688 -15.9509
1.658 -20.9759 5.02498 -15.9509
1.66 -20.9638 5.01284 -15.9509
1.662 -20.9514 5.00041 -15.9509
1.664 -20.9386 4.98765 -15.9509
1.666 -20.9255 4.97452 -15.951
1.668 -20.9119 4.96096 -15.951
1.67 -20.8979 4.94692 -15.951
1.672 -20.8833 4.93233 -15.951
1.674 -20.8681 4.91712 -15.951
1.676 -20.8522 4.90122 -15.951
1.678 -20.8355 4.88455 -15.951
1.68 -20.818 4.86703 -15.951
1.682 -20.7996 4.84857 -15.951
1.684 -20.7801 4.82907 -15.951
1.686 -20.7594 4.80843 -15.951
1.688 -20.7376 4.78656 -15.951
1.69 -20.7144 4.76334 -15.951
1.692 -20.6897 4.73867 -15.951
1.694 -20.6635 4.71243 -15.9511
1.696 -20.6356 4.68451 -15.9511
1.698 -20.6059 4.65479 -15.9511
1.7 -20.5742 4.62316 -15.9511
1.702 -20.5406 4.58949 -15.9511
1.704 -20.5048 4.55367 -15.9511
1.706 -20.4667 4.51558 -15.9511
1.708 -20.4262 4.47512 -15.9511
1.71 -20.3833 4.43218 -15.9511
1.712 -20.3378 4.38667 -15.9511
1.714 -20.2896 4.33849 -15.9511
1.716 -20.2387 4.28756 -15.9512
1.718 -20.185 4.23384 -15.9512
1.72 -20.1284 4.17725 -15.9512
1.722 -20.069 4.11778 -15.9512
1.724 -20.0066 4.05541 -15.9512
1.726 -19.9413 3.99015 -15.9512
1.728 -19.8732 3.92203 -15.9512
1.73 -19.8023 3.85113 -15.9512
1.732 -19.7287 3.77752 -15.9512
1.734 -19.6525 3.70134 -15.9512
1.736 -19.5739 3.62273 -15.9512
1.738 -19.493 3.5419 -15.9511
1.74 -19.4102 3.45906 -15.9511
1.742 -19.3256 3.37448 -15.9511
1.744 -19.2396 3.28846 -15.9511
1.746 -19.1524 3.20133 -15.9511
1.748 -19.0645 3.11347 -15.9511
1.75 -18.9763 3.02527 -15.951
1.752 -18.8882 2.93718 -15.951
1.754 -18.8006 2.84965 -15.951
1.756 -18.7141 2.76318 -15.951
1.758 -18.6292 2.67827 -15.9509
1.76 -18.5463 2.59544 -15.9509
1.762 -18.4661 2.51524 -15.9509
1.764 -18.389 2.43819 -15.9508
1.766 -18.3156 2.36482 -15.9508
1.768 -18.2464 2.29568 -15.9508
1.77 -18.182 2.23125 -15.9507
1.772 -18.1227 2.17202 -15.9507
1.774 -18.0691 2.11846 -15.9507
1.776 -18.0216 2.07097 -15.9507
1.778 -17.9806 2.02992 -15.9506
1.78 -17.9463 1.99564 -15.9506
1.782 -17.919 1.96838 -15.9506
1.784 -17.899 1.94835 -15.9506
1.786 -17.8863 1.93569 -15.9506
1.788 -17.8811 1.93045 -15.9506
1.79 -17.8833 1.93265 -15.9506
1.792 -17.8928 1.94219 -15.9506
1.794 -17.9096 1.95893 -15.9506
1.796 -17.9333 1.98266 -15.9506
1.798 -17.9638 2.0131 -15.9507
1.8 -18.0006 2.0499 -15.9507
1.802 -18.0434 2.09266 -15.9507
1.804 -18.0917 2.14095 -15.9507
1.806 -18.1451 2.19427 -15.9508
1.808 -18.2029 2.25212 -15.9508
1.81 -18.2648 2.31395 -15.9508
1.812 -18.3301 2.37922 -15.9509
1.814 -18.3983 2.44738 -15.9509
1.816 -18.4688 2.51788 -15.9509
1.818 -18.5412 2.59018 -15.951
1.82 -18.6148 2.66377 -15.951
1.822 -18.6892 2.73817 -15.951
1.824 -18.764 2.81293 -15.9511
1.826 -18.8387 2.88762 -15.9511
1.828 -18.913 2.96187 -15.9511
1.83 -18.9865 3.03536 -15.9511
1.832 -19.0589 3.10778 -15.9511
1.834 -19.13 3.17889 -15.9511
1.836 -19.1996 3.24848 -15.9511
1.838 -19.2675 3.31638 -15.9511
1.84 -19.3336 3.38246 -15.9511
1.842 -19.3978 3.44662 -15.9511
1.844 -19.4599 3.5088 -15.9511
1.846 -19.5201 3.56895 -15.9511
1.848 -19.5782 3.62707 -15.9511
1.85 -19.6343 3.68316 -15.9511
1.852 -19.6884 3.73724 -15.9511
1.854 -19.7405 3.78935 -15.9511
1.856 -19.7906 3.83953 -15.9511
1.858 -19.839 3.88785 -15.9511
1.86 -19.8855 3.93437 -15.9511
1.862 -19.9302 3.97914 -15.9511
1.864 -19.9733 4.02224 -15.9511
1.866 -20.0148 4.06373 -15.9511
1.868 -20.0548 4.10369 -15.9511
1.87 -20.0932 4.14218 -15.9511
1.872 -20.1303 4.17926 -15.9511
1.874 -20.166 4.215 -15.951
1.876 -20.2005 4.24945 -15.951
1.878 -20.2337 4.28267 -15.951
1.88 -20.2658 4.31472 -15.951
1.882 -20.2967 4.34565 -15.951
1.884 -20.3265 4.37551 -15.951
1.886 -20.3554 4.40434 -15.951
1.888 -20.3832 4.4322 -15.951
1.89 -20.4101 4.45912 -15.951
1.892 -20.4362 4.48516 -15.951
1.894 -20.4613 4.51034 -15.951
1.896 -20.4857 4.53472 -15.951
1.898 -20.5093 4.55833 -15.951
1.9 -20.5322 4.58121 -15.951
1.902 -20.5544 4.60341 -15.951
1.904 -20.5759 4.62495 -15.951
1.906 -20.5969 4.64589 -15.951
1.908 -20.6172 4.66624 -15.951
1.91 -20.637 4.68605 -15.951
1.912 -20.6563 4.70536 -15.951
1.914 -20.6751 4.72419 -15.951
1.916 -20.6935 4.74257 -15.951
1.918 -20.7115 4.76054 -15.951
1.92 -20.7291 4.77812 -15.951
1.922 -20.7463 4.79533 -15.951
1.924 -20.7632 4.8122 -15.9509
1.926 -20.7797 4.82875 -15.9509
1.928 -20.7959 4.845 -15.9509
1.93 -20.8119 4.86095 -15.9509
1.932 -20.8276 4.87662 -15.9509
1.934 -20.843 4.89201 -15.9509
1.936 -20.8581 4.90714 -15.9509
1.938 -20.8729 4.922 -15.9509
1.94 -20.8875 4.93659 -15.9509
1.942 -20.9018 4.9509 -15.9509
1.944 -20.9159 4.96492 -15.9509
1.946 -20.9296 4.97865 -15.9509
1.948 -20.943 4.99205 -15.9509
1.95 -20.9561 5.00512 -15.9509
1.952 -20.9688 5.01783 -15.951
1.954 -20.9811 5.03016 -15.951
1.956 -20.993 5.04208 -15.951
1.958 -21.0045 5.05355 -15.951
1.96 -21.0155 5.06455 -15.951
1.962 -21.026 5.07504 -15.951
1.964 -21.036 5.08499 -15.951
1.966 -21.0453 5.09435 -15.951
1.968 -21.0541 5.1031 -15.951
1.97 -21.0622 5.11119 -15.951
1.972 -21.0696 5.1186 -15.951
1.974 -21.0763 5.12528 -15.951
1.976 -21.0822 5.1312 -15.951
1.978 -21.0873 5.13634 -15.951
1.98 -21.0916 5.14066 -15.951
1.982 -21.0951 5.14414 -15.951
1.984 -21.0977 5.14675 -15.951
1.986 -21.0995 5.1485 -15.951
1.988 -21.1004 5.14936 -15.951
1.99 -21.1003 5.14933 -15.951
1.992 -21.0994 5.14841 -15.951
1.994 -21.0976 5.14662 -15.951
1.996 -21.095 5.14398 -15.951
1.998 -21.0915 5.1405 -15.951
