1.73472e-18 2.81893e-18 2.77556e-17
1.04083e-17 -1.13841e-17 1.38778e-17
6.93889e-18 -7.37257e-18 -1.38778e-17
-1.38778e-17 2.64545e-17 0
0 7.58942e-17 -2.77556e-17
0 4.18502e-17 -1.11022e-16
5.55112e-17 1.01048e-16 -1.11022e-16
5.55112e-17 2.14564e-16 0
8.32667e-17 2.54571e-16 -1.66533e-16
5.55112e-17 3.72694e-16 -5.55112e-17
5.55112e-17 5.00142e-16 -2.77556e-16
2.77556e-17 5.29091e-16 -2.77556e-16
0 5.72459e-16 -5.55112e-17
0 4.40186e-16 0
0 6.00214e-16 1.11022e-16
-2.77556e-17 7.41594e-16 0
-1.11022e-16 4.88325e-16 -1.11022e-16
-1.66533e-16 3.36536e-16 0
-1.94289e-16 3.03577e-16 -1.11022e-16
-1.11022e-16 3.08781e-16 -3.33067e-16
-1.38778e-16 3.50414e-16 -4.44089e-16
-1.38778e-16 3.36536e-16 -4.44089e-16
-1.38778e-16 4.61436e-16 -7.77156e-16
-8.32667e-17 3.26128e-16 -3.33067e-16
-1.11022e-16 2.63678e-16 -2.22045e-16
-3.05311e-16 4.82253e-16 -1.11022e-16
-3.60822e-16 3.33067e-16 -2.22045e-16
-3.88578e-16 4.09395e-16 -1.11022e-16
-4.71845e-16 2.77556e-16 -1.11022e-16
-3.88578e-16 6.245e-16 0
-5.55112e-16 2.56739e-16 -5.55112e-16
-5.55112e-16 2.56739e-16 0
-6.10623e-16 6.93889e-17 2.22045e-16
-6.93889e-16 1.59595e-16 0
-7.77156e-16 1.31839e-16 2.22045e-16
-9.99201e-16 2.91434e-16 1.11022e-16
-1.02696e-15 3.33067e-16 0
-1.11022e-15 4.57967e-16 4.44089e-16
-1.02696e-15 3.88578e-16 2.22045e-16
-1.02696e-15 5.55112e-16 4.44089e-16
-1.11022e-15 4.71845e-16 2.22045e-16
-1.13798e-15 5.55112e-17 4.44089e-16
-1.16573e-15 -3.05311e-16 2.22045e-16
-1.16573e-15 -1.11022e-16 8.88178e-16
-1.13798e-15 -3.05311e-16 2.22045e-16
-1.22125e-15 -5.55112e-17 4.44089e-16
-1.36002e-15 -1.38778e-17 2.22045e-16
-1.60982e-15 2.08167e-16 2.22045e-16
-1.77636e-15 4.44089e-16 -6.66134e-16
-1.85962e-15 3.33067e-16 0
-1.88738e-15 1.80411e-16 0
-1.95677e-15 2.22045e-16 0
-1.95677e-15 -2.77556e-17 -4.44089e-16
-1.94289e-15 3.60822e-16 -4.44089e-16
-1.94289e-15 4.71845e-16 -2.22045e-16
-1.88738e-15 2.22045e-16 -4.44089e-16
-1.94289e-15 4.16334e-16 -8.88178e-16
-1.95677e-15 1.94289e-16 -6.66134e-16
-1.92901e-15 0 -6.66134e-16
-1.84575e-15 -2.22045e-16 -8.88178e-16
-1.72778e-15 1.94289e-16 -8.88178e-16
-1.73472e-15 2.498e-16 -8.88178e-16
-1.75901e-15 2.77556e-16 -8.88178e-16
-1.80151e-15 3.05311e-16 -8.88178e-16
-1.77809e-15 -8.32667e-17 -1.11022e-15
-1.78503e-15 -3.33067e-16 -1.11022e-15
-1.71044e-15 -5.27356e-16 -6.66134e-16
-1.70697e-15 -4.44089e-16 -1.11022e-15
-1.69309e-15 -2.22045e-16 -6.66134e-16
-1.74166e-15 -1.66533e-16 -6.66134e-16
-1.67921e-15 -1.11022e-16 -8.88178e-16
-1.58901e-15 -3.05311e-16 -8.88178e-16
-1.59595e-15 -6.10623e-16 -4.44089e-16
-1.6237e-15 -8.04912e-16 -4.44089e-16
-1.7486e-15 -1.22125e-15 -5.55112e-16
-1.7486e-15 -9.71445e-16 -5.55112e-16
-1.72085e-15 -1.05471e-15 -4.44089e-16
-1.72085e-15 -1.13798e-15 -6.66134e-16
-1.81799e-15 -1.13798e-15 -5.55112e-16
-1.83187e-15 -9.99201e-16 -1.11022e-15
-1.77636e-15 -1.249e-15 -5.55112e-16
-1.7486e-15 -1.13798e-15 -6.66134e-16
-1.83187e-15 -9.71445e-16 -9.99201e-16
-1.7486e-15 -9.71445e-16 -9.99201e-16
-1.83187e-15 -1.11022e-15 -9.99201e-16
-1.80411e-15 -1.02696e-15 -9.99201e-16
-1.80411e-15 -1.44329e-15 -1.33227e-15
-1.91513e-15 -1.52656e-15 -1.22125e-15
-1.97065e-15 -1.33227e-15 -1.11022e-15
-1.9984e-15 -1.55431e-15 -9.99201e-16
-2.05391e-15 -1.36002e-15 -1.33227e-15
-2.05391e-15 -1.27676e-15 -1.22125e-15
-2.13718e-15 -1.08247e-15 -9.99201e-16
-2.13718e-15 -1.08247e-15 -9.99201e-16
-2.16493e-15 -1.05471e-15 -8.88178e-16
-2.2482e-15 -1.16573e-15 -1.44329e-15
-2.30371e-15 -1.08247e-15 -1.11022e-15
-2.33147e-15 -1.30451e-15 -1.33227e-15
-2.38698e-15 -1.249e-15 -1.11022e-15
-2.41474e-15 -1.249e-15 -1.44329e-15
-2.41474e-15 -1.19349e-15 -1.22125e-15
-2.47025e-15 -9.4369e-16 -1.33227e-15
-2.44249e-15 -9.15934e-16 -1.22125e-15
-2.44249e-15 -8.88178e-16 -1.33227e-15
-2.44249e-15 -9.71445e-16 -1.33227e-15
-2.41474e-15 -9.15934e-16 -1.55431e-15
-2.44249e-15 -9.99201e-16 -1.55431e-15
-2.41474e-15 -8.88178e-16 -1.66533e-15
-2.55351e-15 -8.32667e-16 -1.66533e-15
-2.63678e-15 -6.66134e-16 -1.66533e-15
-2.66454e-15 -6.38378e-16 -1.66533e-15
-2.60902e-15 -6.10623e-16 -1.77636e-15
-2.60902e-15 -7.77156e-16 -1.77636e-15
-2.60902e-15 -9.15934e-16 -1.66533e-15
-2.60902e-15 -8.32667e-16 -1.44329e-15
-2.60902e-15 -8.04912e-16 -1.33227e-15
-2.498e-15 -6.66134e-16 -1.33227e-15
-2.44249e-15 -7.21645e-16 -1.22125e-15
-2.44249e-15 -7.21645e-16 -1.22125e-15
-2.55351e-15 -6.66134e-16 -1.33227e-15
-2.55351e-15 -8.04912e-16 -1.33227e-15
-2.60902e-15 -8.32667e-16 -1.44329e-15
-2.60902e-15 -1.08247e-15 -1.33227e-15
-2.60902e-15 -1.27676e-15 -1.44329e-15
-2.60902e-15 -1.30451e-15 -1.33227e-15
-2.498e-15 -1.30451e-15 -1.22125e-15
-2.55351e-15 -1.30451e-15 -1.16573e-15
-2.498e-15 -1.27676e-15 -1.22125e-15
-2.38698e-15 -1.38778e-15 -1.11022e-15
-2.498e-15 -1.47105e-15 -1.16573e-15
-2.44249e-15 -1.55431e-15 -1.16573e-15
-2.498e-15 -1.60982e-15 -1.16573e-15
-2.44249e-15 -1.69309e-15 -1.16573e-15
-2.44249e-15 -1.77636e-15 -1.22125e-15
-2.44249e-15 -1.7486e-15 -1.27676e-15
-2.60902e-15 -1.72085e-15 -1.27676e-15
-2.498e-15 -1.7486e-15 -1.33227e-15
-2.60902e-15 -1.7486e-15 -1.27676e-15
-2.55351e-15 -1.69309e-15 -1.27676e-15
-2.66454e-15 -1.72085e-15 -1.33227e-15
-2.60902e-15 -1.72085e-15 -1.44329e-15
-2.66454e-15 -1.7486e-15 -1.33227e-15
-2.88658e-15 -1.77636e-15 -1.38778e-15
-2.9976e-15 -1.83187e-15 -1.33227e-15
-2.94209e-15 -1.83187e-15 -1.38778e-15
-2.94209e-15 -1.85962e-15 -1.44329e-15
-2.83107e-15 -1.80411e-15 -1.38778e-15
-2.83107e-15 -1.80411e-15 -1.52656e-15
-2.88658e-15 -1.7486e-15 -1.38778e-15
-2.77556e-15 -1.77636e-15 -1.41553e-15
-2.77556e-15 -1.80411e-15 -1.55431e-15
-2.83107e-15 -1.80411e-15 -1.41553e-15
-2.66454e-15 -1.80411e-15 -1.52656e-15
-2.60902e-15 -1.80411e-15 -1.69309e-15
-2.60902e-15 -1.80411e-15 -1.60982e-15
-2.60902e-15 -1.77636e-15 -1.69309e-15
-2.60902e-15 -1.77636e-15 -1.8735e-15
-2.38698e-15 -1.7486e-15 -1.73472e-15
-2.498e-15 -1.7486e-15 -1.92901e-15
-2.44249e-15 -1.77636e-15 -1.8735e-15
-2.38698e-15 -1.83187e-15 -1.84575e-15
-2.38698e-15 -1.88738e-15 -1.77636e-15
-2.38698e-15 -1.91513e-15 -1.83187e-15
-2.498e-15 -1.94289e-15 -1.88044e-15
-2.60902e-15 -1.85962e-15 -1.59768e-15
-2.33147e-15 -1.80411e-15 -1.56385e-15
-2.33147e-15 -1.83187e-15 -1.68268e-15
-2.22045e-15 -1.85962e-15 -1.66533e-15
-2.10942e-15 -1.80411e-15 -1.6237e-15
-2.33147e-15 -1.85962e-15 -1.51268e-15
-2.38698e-15 -1.80411e-15 -1.54043e-15
-2.33147e-15 -1.83187e-15 -1.44329e-15
-2.27596e-15 -1.91513e-15 -1.63758e-15
-2.22045e-15 -1.91513e-15 -1.55431e-15
-2.27596e-15 -1.91513e-15 -1.51268e-15
-2.16493e-15 -1.97065e-15 -1.55431e-15
-2.27596e-15 -1.9984e-15 -1.80411e-15
-2.22045e-15 -2.02616e-15 -1.85962e-15
-2.22045e-15 -2.05391e-15 -1.77636e-15
-2.22045e-15 -2.08167e-15 -1.38778e-15
-2.05391e-15 -2.08167e-15 -1.83187e-15
-2.498e-15 -2.05391e-15 -1.63758e-15
-2.44249e-15 -1.91513e-15 -1.55431e-15
-2.22045e-15 -2.08167e-15 -1.83187e-15
-2.27596e-15 -2.08167e-15 -1.85962e-15
-2.16493e-15 -2.02616e-15 -1.77636e-15
-1.94289e-15 -2.10942e-15 -1.94289e-15
-2.10942e-15 -2.10942e-15 -1.72085e-15
-2.16493e-15 -1.9984e-15 -1.66533e-15
-2.55351e-15 -1.9984e-15 -1.88738e-15
-2.498e-15 -2.16493e-15 -1.83187e-15
-2.66454e-15 -2.30371e-15 -2.05391e-15
-2.72005e-15 -2.28983e-15 -1.94289e-15
-2.83107e-15 -2.28983e-15 -1.77636e-15
-2.83107e-15 -2.2482e-15 -1.4988e-15
-2.83107e-15 -2.09555e-15 -1.55431e-15
-2.9976e-15 -2.05391e-15 -1.44329e-15
-3.21965e-15 -2.19269e-15 -1.44329e-15
-3.10862e-15 -2.13718e-15 -1.72085e-15
-2.9976e-15 -2.30371e-15 -1.83187e-15
-3.05311e-15 -2.40086e-15 -1.88738e-15
-2.94209e-15 -2.40086e-15 -1.77636e-15
-3.16414e-15 -2.45637e-15 -1.60982e-15
-2.72005e-15 -2.42861e-15 -1.38778e-15
-2.77556e-15 -2.55351e-15 -1.66533e-15
-2.83107e-15 -2.59515e-15 -1.77636e-15
-2.83107e-15 -2.65066e-15 -1.77636e-15
-3.05311e-15 -2.53964e-15 -1.9984e-15
-3.10862e-15 -2.45637e-15 -2.22045e-15
-3.05311e-15 -2.45637e-15 -2.10942e-15
-2.72005e-15 -2.35922e-15 -2.22045e-15
-2.77556e-15 -2.42861e-15 -2.33147e-15
-3.16414e-15 -2.35922e-15 -2.44249e-15
-3.33067e-15 -2.35922e-15 -2.55351e-15
-3.44169e-15 -2.33147e-15 -2.33147e-15
-3.21965e-15 -2.47025e-15 -2.55351e-15
-3.4972e-15 -2.53964e-15 -2.10942e-15
-3.77476e-15 -2.67841e-15 -2.33147e-15
-3.66374e-15 -2.84495e-15 -2.55351e-15
-3.66374e-15 -2.78944e-15 -2.22045e-15
-3.88578e-15 -2.94209e-15 -2.33147e-15
-3.83027e-15 -3.21965e-15 -2.66454e-15
-3.88578e-15 -3.40006e-15 -2.33147e-15
-3.71925e-15 -3.78864e-15 -2.66454e-15
-3.4972e-15 -3.6221e-15 -2.88658e-15
-3.66374e-15 -3.4972e-15 -2.77556e-15
-3.44169e-15 -3.60822e-15 -2.44249e-15
-3.38618e-15 -3.58047e-15 -2.44249e-15
-3.55271e-15 -3.58047e-15 -2.22045e-15
-3.60822e-15 -3.38618e-15 -2.33147e-15
-3.83027e-15 -3.3723e-15 -2.33147e-15
-3.4972e-15 -3.41394e-15 -2.44249e-15
-3.33067e-15 -3.09475e-15 -2.22045e-15
-3.44169e-15 -3.09475e-15 -1.88738e-15
-3.38618e-15 -3.09475e-15 -1.77636e-15
-3.38618e-15 -3.30291e-15 -2.10942e-15
-3.16414e-15 -3.46945e-15 -1.88738e-15
-2.9976e-15 -3.59435e-15 -2.44249e-15
-3.21965e-15 -3.52496e-15 -2.10942e-15
-3.27516e-15 -3.56659e-15 -1.9984e-15
-3.21965e-15 -3.60822e-15 -2.22045e-15
-3.10862e-15 -3.747e-15 -2.10942e-15
-2.77556e-15 -3.80251e-15 -1.88738e-15
-2.83107e-15 -3.84415e-15 -1.77636e-15
-2.83107e-15 -4.08007e-15 -2.10942e-15
-2.72005e-15 -3.88578e-15 -1.88738e-15
-2.66454e-15 -3.81639e-15 -1.66533e-15
-2.44249e-15 -3.70537e-15 -1.77636e-15
-2.27596e-15 -3.59435e-15 -1.9984e-15
-2.33147e-15 -3.40006e-15 -1.55431e-15
-2.60902e-15 -3.59435e-15 -1.88738e-15
-2.498e-15 -3.95517e-15 -1.66533e-15
-2.55351e-15 -3.98293e-15 -2.10942e-15
-2.47025e-15 -4.41314e-15 -2.10942e-15
-2.27596e-15 -4.67681e-15 -1.9984e-15
-2.44249e-15 -4.20497e-15 -2.33147e-15
-2.02616e-15 -3.98986e-15 -2.55351e-15
-1.88738e-15 -4.09395e-15 -2.55351e-15
-1.97065e-15 -4.2813e-15 -2.22045e-15
-2.22045e-15 -3.8719e-15 -2.33147e-15
-2.41474e-15 -3.79557e-15 -2.55351e-15
-2.2482e-15 -3.79557e-15 -2.77556e-15
-2.19269e-15 -3.89966e-15 -2.55351e-15
-2.17534e-15 -3.97599e-15 -2.22045e-15
-2.35749e-15 -3.80251e-15 -2.10942e-15
-2.2482e-15 -3.9066e-15 -1.9984e-15
-2.13718e-15 -4.17028e-15 -1.72085e-15
-2.09555e-15 -3.69149e-15 -1.72085e-15
-2.23432e-15 -4.10783e-15 -1.60982e-15
-2.16493e-15 -4.18415e-15 -2.05391e-15
-2.05391e-15 -4.39232e-15 -1.77636e-15
-1.80411e-15 -4.71151e-15 -2.38698e-15
-1.85962e-15 -4.61436e-15 -2.38698e-15
-1.80411e-15 -4.4964e-15 -2.60902e-15
-1.72085e-15 -4.73926e-15 -2.77556e-15
-1.83187e-15 -4.57967e-15 -2.80331e-15
-1.88738e-15 -4.51028e-15 -2.77556e-15
-1.88738e-15 -4.45477e-15 -2.72005e-15
-1.72085e-15 -4.30211e-15 -2.91434e-15
-1.77636e-15 -4.27783e-15 -2.70617e-15
-1.72085e-15 -3.96211e-15 -3.02536e-15
-1.77636e-15 -3.9517e-15 -3.13638e-15
-1.72085e-15 -3.96905e-15 -3.28557e-15
-1.72085e-15 -3.73833e-15 -3.4573e-15
-1.77636e-15 -3.88925e-15 -3.59782e-15
-1.88738e-15 -3.97772e-15 -3.5319e-15
-1.77636e-15 -3.89098e-15 -3.3723e-15
-1.55431e-15 -4.03844e-15 -3.13638e-15
-1.33227e-15 -4.2041e-15 -3.08087e-15
-1.66533e-15 -4.18285e-15 -2.66454e-15
-1.44329e-15 -4.23598e-15 -2.52576e-15
-1.33227e-15 -4.25267e-15 -2.55351e-15
-1.33227e-15 -4.12691e-15 -2.63678e-15
-1.55431e-15 -4.10089e-15 -2.83107e-15
-1.33227e-15 -4.26222e-15 -3.19189e-15
-1.22125e-15 -4.16681e-15 -3.38618e-15
-1.22125e-15 -3.83894e-15 -3.33067e-15
-1.22125e-15 -3.95517e-15 -3.10862e-15
-1.33227e-15 -3.96905e-15 -2.55351e-15
-8.88178e-16 -3.8719e-15 -2.44249e-15
-7.77156e-16 -3.69496e-15 -2.72005e-15
-8.88178e-16 -3.86843e-15 -2.66454e-15
-8.88178e-16 -3.55271e-15 -2.9976e-15
-1.11022e-15 -3.47639e-15 -2.77556e-15
-1.22125e-15 -3.54577e-15 -2.60902e-15
-1.22125e-15 -3.89966e-15 -2.55351e-15
-8.88178e-16 -3.89272e-15 -2.83107e-15
-8.88178e-16 -3.92048e-15 -3.05311e-15
-7.77156e-16 -3.96211e-15 -2.9976e-15
-7.77156e-16 -4.0315e-15 -3.21965e-15
-8.88178e-16 -3.87884e-15 -2.9976e-15
-1.11022e-15 -3.92741e-15 -3.10862e-15
-1.44329e-15 -3.85109e-15 -3.10862e-15
-9.99201e-16 -3.98293e-15 -3.16414e-15
-1.22125e-15 -4.27436e-15 -2.9976e-15
-9.99201e-16 -4.25354e-15 -2.9976e-15
-8.88178e-16 -4.45477e-15 -2.94209e-15
-7.77156e-16 -4.41314e-15 -3.10862e-15
-7.77156e-16 -4.21885e-15 -3.16414e-15
-1.11022e-15 -4.14946e-15 -3.05311e-15
-9.99201e-16 -4.34375e-15 -2.66454e-15
-9.99201e-16 -4.70457e-15 -2.55351e-15
-9.99201e-16 -4.78784e-15 -2.44249e-15
-8.88178e-16 -5.16254e-15 -2.38698e-15
-4.44089e-16 -5.42622e-15 -2.33147e-15
-3.33067e-16 -5.35683e-15 -2.16493e-15
-1.11022e-16 -5.70377e-15 -1.9984e-15
3.33067e-16 -5.45397e-15 -2.16493e-15
5.55112e-16 -5.48173e-15 -1.83187e-15
5.55112e-16 -5.56499e-15 -1.66533e-15
7.77156e-16 -5.53724e-15 -1.60982e-15
8.88178e-16 -5.23193e-15 -1.83187e-15
3.33067e-16 -5.19029e-15 -1.55431e-15
3.33067e-16 -5.03764e-15 -1.4988e-15
9.99201e-16 -4.96825e-15 -1.27676e-15
9.99201e-16 -4.82947e-15 -1.33227e-15
8.88178e-16 -5.05151e-15 -1.11022e-15
7.77156e-16 -5.28744e-15 -1.16573e-15
8.88178e-16 -5.38458e-15 -1.16573e-15
7.77156e-16 -5.46785e-15 -1.11022e-15
6.66134e-16 -5.17641e-15 -8.88178e-16
6.66134e-16 -5.02376e-15 -8.32667e-16
5.55112e-16 -4.82947e-15 -9.4369e-16
6.66134e-16 -4.8711e-15 -1.05471e-15
7.77156e-16 -4.7462e-15 -1.05471e-15
9.99201e-16 -4.59355e-15 -7.21645e-16
7.77156e-16 -4.19109e-15 -8.88178e-16
6.66134e-16 -4.3715e-15 -7.77156e-16
5.55112e-16 -4.08007e-15 -1.22125e-15
0 -3.83027e-15 -1.33227e-15
-3.33067e-16 -3.48332e-15 -1.33227e-15
-5.55112e-16 -3.51108e-15 -1.44329e-15
-2.22045e-16 -3.3723e-15 -1.66533e-15
1.66533e-16 -3.24046e-15 -1.55431e-15
1.66533e-16 -3.09475e-15 -1.44329e-15
-1.66533e-16 -3.10862e-15 -1.66533e-15
-1.66533e-16 -3.44863e-15 -1.77636e-15
-4.44089e-16 -3.45557e-15 -1.66533e-15
-5.55112e-16 -3.09475e-15 -1.77636e-15
-5.55112e-16 -3.08781e-15 -1.66533e-15
-4.996e-16 -3.30985e-15 -1.44329e-15
-4.996e-16 -3.42781e-15 -1.66533e-15
-2.77556e-16 -3.67588e-15 -1.55431e-15
-3.33067e-16 -3.44516e-15 -1.66533e-15
-5.55112e-17 -3.37404e-15 -1.55431e-15
-3.88578e-16 -3.52713e-15 -1.44329e-15
-3.33067e-16 -3.7019e-15 -1.66533e-15
-2.77556e-16 -3.91701e-15 -1.55431e-15
-1.66533e-16 -4.06099e-15 -1.9984e-15
-5.27356e-16 -4.05231e-15 -1.88738e-15
-3.60822e-16 -3.87884e-15 -1.66533e-15
-1.11022e-16 -3.76782e-15 -1.55431e-15
-5.55112e-17 -3.85109e-15 -1.66533e-15
-1.38778e-16 -4.23273e-15 -1.9984e-15
5.55112e-17 -4.08007e-15 -1.9984e-15
1.66533e-16 -4.18415e-15 -2.10942e-15
0 -4.52416e-15 -2.10942e-15
2.22045e-16 -4.39926e-15 -2.22045e-15
-5.55112e-17 -4.54498e-15 -2.33147e-15
-2.77556e-17 -4.3715e-15 -1.9984e-15
-8.32667e-17 -4.21885e-15 -1.88738e-15
-1.38778e-16 -4.1217e-15 -1.88738e-15
1.249e-16 -4.2466e-15 -1.66533e-15
6.245e-17 -4.30211e-15 -1.44329e-15
-8.32667e-17 -4.4964e-15 -1.66533e-15
-2.01228e-16 -4.71845e-15 -1.55431e-15
-2.22045e-16 -4.84335e-15 -1.55431e-15
3.98986e-17 -4.78784e-15 -1.44329e-15
2.64545e-16 -4.89886e-15 -1.55431e-15
2.98372e-16 -4.59355e-15 -1.55431e-15
4.92661e-16 -4.35763e-15 -1.55431e-15
8.39606e-16 -4.20497e-15 -1.33227e-15
5.89806e-16 -4.14946e-15 -1.22125e-15
5.34295e-16 -4.30211e-15 -1.44329e-15
3.46945e-16 -4.41314e-15 -1.33227e-15
5.13478e-16 -4.30211e-15 -1.33227e-15
4.57967e-16 -4.13558e-15 -1.44329e-15
6.52256e-16 -3.94129e-15 -1.55431e-15
4.16334e-16 -3.83027e-15 -1.33227e-15
4.16334e-16 -3.63598e-15 -1.77636e-15
3.88578e-16 -3.66374e-15 -1.66533e-15
4.44089e-16 -3.69149e-15 -1.77636e-15
3.60822e-16 -3.41394e-15 -1.88738e-15
4.16334e-16 -3.44169e-15 -2.10942e-15
6.80012e-16 -3.35842e-15 -2.22045e-15
6.52256e-16 -3.77476e-15 -1.88738e-15
6.38378e-16 -3.83027e-15 -1.9984e-15
6.66134e-16 -3.58047e-15 -1.9984e-15
8.04912e-16 -3.83027e-15 -2.22045e-15
9.15934e-16 -3.69149e-15 -2.05391e-15
9.4369e-16 -3.88578e-15 -2.27596e-15
1.05471e-15 -3.94129e-15 -1.9984e-15
8.32667e-16 -3.71925e-15 -1.9984e-15
8.32667e-16 -3.83027e-15 -1.77636e-15
8.32667e-16 -3.96905e-15 -1.94289e-15
8.32667e-16 -3.77476e-15 -2.05391e-15
8.88178e-16 -4.05231e-15 -1.38778e-15
7.77156e-16 -4.02456e-15 -1.33227e-15
7.77156e-16 -4.08007e-15 -1.38778e-15
7.21645e-16 -4.08007e-15 -1.4988e-15
6.38378e-16 -4.16334e-15 -1.9984e-15
5.27356e-16 -4.32987e-15 -1.66533e-15
4.996e-16 -4.57967e-15 -2.55351e-15
3.05311e-16 -4.66294e-15 -2.10942e-15
3.33067e-16 -4.91274e-15 -1.88738e-15
3.60822e-16 -5.19029e-15 -2.27596e-15
2.22045e-16 -5.16254e-15 -2.10942e-15
3.60822e-16 -4.85723e-15 -2.60902e-15
4.996e-16 -4.94049e-15 -2.55351e-15
7.21645e-16 -4.60743e-15 -2.55351e-15
6.93889e-16 -4.55191e-15 -2.55351e-15
7.21645e-16 -4.71845e-15 -2.27596e-15
7.35523e-16 -4.82947e-15 -2.05391e-15
8.74301e-16 -4.77396e-15 -2.38698e-15
8.74301e-16 -4.77396e-15 -2.44249e-15
4.996e-16 -4.77396e-15 -2.33147e-15
4.57967e-16 -4.996e-15 -2.44249e-15
3.33067e-16 -5.21805e-15 -2.27596e-15
3.88578e-16 -5.10703e-15 -2.16493e-15
5.82867e-16 -4.996e-15 -2.16493e-15
4.57967e-16 -5.10703e-15 -2.38698e-15
4.71845e-16 -5.32907e-15 -2.16493e-15
3.88578e-16 -5.21805e-15 -2.22045e-15
4.02456e-16 -5.05151e-15 -2.27596e-15
3.747e-16 -5.27356e-15 -2.38698e-15
2.498e-16 -5.27356e-15 -2.498e-15
1.17961e-16 -5.10703e-15 -2.27596e-15
3.46945e-16 -5.05151e-15 -2.27596e-15
4.09395e-16 -5.16254e-15 -1.9984e-15
4.3715e-16 -5.16254e-15 -2.22045e-15
4.33681e-16 -5.32907e-15 -2.22045e-15
3.05311e-16 -5.16254e-15 -2.498e-15
4.61436e-16 -5.38458e-15 -2.27596e-15
4.97866e-16 -5.60663e-15 -2.27596e-15
5.18682e-16 -5.55112e-15 -2.27596e-15
6.41848e-16 -5.44009e-15 -2.41474e-15
6.22766e-16 -5.44009e-15 -2.498e-15
5.6205e-16 -5.10703e-15 -2.58127e-15
7.84095e-16 -5.38458e-15 -2.80331e-15
7.70217e-16 -5.27356e-15 -2.7478e-15
6.66134e-16 -5.32907e-15 -2.55351e-15
6.73073e-16 -5.27356e-15 -2.55351e-15
4.85723e-16 -5.16254e-15 -2.498e-15
4.71845e-16 -5.27356e-15 -2.58127e-15
5.55112e-16 -5.44009e-15 -2.60902e-15
6.80012e-16 -5.10703e-15 -2.63678e-15
4.996e-16 -5.10703e-15 -2.7478e-15
3.747e-16 -5.44009e-15 -2.72005e-15
2.35922e-16 -5.55112e-15 -2.77556e-15
3.05311e-16 -5.55112e-15 -2.83107e-15
2.77556e-16 -5.66214e-15 -2.77556e-15
1.94289e-16 -5.32907e-15 -2.85882e-15
3.33067e-16 -5.21805e-15 -2.83107e-15
1.66533e-16 -5.21805e-15 -2.69229e-15
3.33067e-16 -5.21805e-15 -2.58127e-15
2.498e-16 -5.44009e-15 -2.72005e-15
3.60822e-16 -5.55112e-15 -2.85882e-15
3.33067e-16 -5.66214e-15 -2.66454e-15
4.16334e-16 -5.55112e-15 -2.66454e-15
4.44089e-16 -5.55112e-15 -2.63678e-15
1.66533e-16 -5.44009e-15 -2.498e-15
8.32667e-17 -5.21805e-15 -2.7478e-15
2.77556e-16 -5.21805e-15 -2.52576e-15
2.22045e-16 -4.996e-15 -2.47025e-15
2.77556e-16 -4.88498e-15 -2.498e-15
3.33067e-16 -4.996e-15 -2.41474e-15
4.996e-16 -5.21805e-15 -2.41474e-15
6.10623e-16 -5.21805e-15 -2.35922e-15
4.44089e-16 -5.10703e-15 -2.22045e-15
3.88578e-16 -4.77396e-15 -2.2482e-15
3.88578e-16 -4.77396e-15 -2.19269e-15
3.88578e-16 -4.88498e-15 -2.30371e-15
2.77556e-16 -4.88498e-15 -2.22045e-15
4.44089e-16 -4.66294e-15 -1.9984e-15
2.77556e-16 -4.66294e-15 -1.9984e-15
2.77556e-16 -4.66294e-15 -2.05391e-15
2.77556e-16 -4.66294e-15 -2.27596e-15
2.22045e-16 -4.44089e-15 -2.16493e-15
2.22045e-16 -4.66294e-15 -2.08167e-15
1.66533e-16 -4.55191e-15 -1.94289e-15
1.11022e-16 -4.88498e-15 -1.97065e-15
2.77556e-16 -4.66294e-15 -1.94289e-15
4.996e-16 -4.66294e-15 -1.83187e-15
4.44089e-16 -4.66294e-15 -1.88738e-15
4.996e-16 -4.55191e-15 -1.83187e-15
6.10623e-16 -4.77396e-15 -1.72085e-15
7.21645e-16 -4.88498e-15 -1.69309e-15
6.10623e-16 -4.996e-15 -1.69309e-15
7.77156e-16 -4.66294e-15 -1.66533e-15
7.77156e-16 -4.66294e-15 -1.7486e-15
8.88178e-16 -4.66294e-15 -1.66533e-15
1.05471e-15 -4.44089e-15 -1.69309e-15
1.22125e-15 -4.32987e-15 -1.69309e-15
1.16573e-15 -4.21885e-15 -1.60982e-15
1.22125e-15 -4.55191e-15 -1.44329e-15
1.27676e-15 -4.32987e-15 -1.41553e-15
1.11022e-15 -4.77396e-15 -1.249e-15
1.16573e-15 -4.55191e-15 -1.27676e-15
1.27676e-15 -4.21885e-15 -1.33227e-15
1.16573e-15 -4.44089e-15 -1.44329e-15
1.11022e-15 -4.88498e-15 -1.41553e-15
1.16573e-15 -4.77396e-15 -1.60982e-15
1.11022e-15 -4.77396e-15 -1.69309e-15
1.33227e-15 -4.77396e-15 -1.72085e-15
1.33227e-15 -4.66294e-15 -1.69309e-15
1.44329e-15 -4.88498e-15 -1.72085e-15
1.33227e-15 -4.996e-15 -1.7486e-15
1.33227e-15 -5.32907e-15 -1.4988e-15
1.11022e-15 -5.55112e-15 -1.47105e-15
1.22125e-15 -5.55112e-15 -1.55431e-15
1.11022e-15 -5.77316e-15 -1.63758e-15
1.11022e-15 -5.77316e-15 -1.63758e-15
1.22125e-15 -5.88418e-15 -1.80411e-15
1.33227e-15 -5.77316e-15 -1.55431e-15
1.33227e-15 -5.9952e-15 -1.63758e-15
1.33227e-15 -5.9952e-15 -1.63758e-15
1.33227e-15 -5.9952e-15 -1.69309e-15
1.33227e-15 -5.88418e-15 -1.80411e-15
1.11022e-15 -6.21725e-15 -1.94289e-15
1.22125e-15 -5.77316e-15 -1.83187e-15
1.22125e-15 -5.77316e-15 -1.88738e-15
1.44329e-15 -5.88418e-15 -1.60982e-15
1.44329e-15 -5.88418e-15 -1.83187e-15
1.55431e-15 -5.66214e-15 -1.91513e-15
1.55431e-15 -5.9952e-15 -1.83187e-15
1.55431e-15 -5.9952e-15 -1.63758e-15
1.66533e-15 -5.9952e-15 -1.85962e-15
1.33227e-15 -6.55032e-15 -1.7486e-15
1.33227e-15 -6.55032e-15 -1.69309e-15
1.44329e-15 -6.55032e-15 -1.91513e-15
1.22125e-15 -5.9952e-15 -2.16493e-15
1.11022e-15 -5.9952e-15 -1.9984e-15
1.11022e-15 -5.88418e-15 -1.85962e-15
1.22125e-15 -6.32827e-15 -1.97065e-15
1.11022e-15 -6.21725e-15 -1.9984e-15
9.99201e-16 -5.88418e-15 -1.9984e-15
1.11022e-15 -6.21725e-15 -1.85962e-15
1.22125e-15 -6.43929e-15 -1.80411e-15
1.44329e-15 -6.32827e-15 -1.83187e-15
1.66533e-15 -6.55032e-15 -1.77636e-15
1.55431e-15 -6.77236e-15 -1.77636e-15
1.44329e-15 -6.93889e-15 -1.72085e-15
1.22125e-15 -6.88338e-15 -1.80411e-15
1.11022e-15 -7.04992e-15 -1.63758e-15
1.22125e-15 -6.88338e-15 -1.55431e-15
8.88178e-16 -6.88338e-15 -1.44329e-15
6.66134e-16 -6.88338e-15 -1.44329e-15
7.77156e-16 -6.88338e-15 -1.38778e-15
9.99201e-16 -6.88338e-15 -1.33227e-15
1.22125e-15 -7.10543e-15 -1.27676e-15
9.99201e-16 -6.88338e-15 -1.27676e-15
9.99201e-16 -7.04992e-15 -1.27676e-15
8.88178e-16 -6.93889e-15 -1.22125e-15
9.99201e-16 -7.10543e-15 -1.33227e-15
1.11022e-15 -6.82787e-15 -1.4988e-15
1.55431e-15 -6.77236e-15 -1.38778e-15
1.55431e-15 -6.71685e-15 -1.27676e-15
1.77636e-15 -6.43929e-15 -1.33227e-15
1.77636e-15 -6.55032e-15 -1.33227e-15
1.55431e-15 -6.55032e-15 -1.4988e-15
1.55431e-15 -6.99441e-15 -1.55431e-15
1.44329e-15 -6.99441e-15 -1.60982e-15
1.44329e-15 -7.04992e-15 -1.72085e-15
1.44329e-15 -6.91114e-15 -1.77636e-15
1.33227e-15 -6.91114e-15 -1.72085e-15
1.22125e-15 -7.29972e-15 -1.77636e-15
1.11022e-15 -7.49401e-15 -1.77636e-15
1.11022e-15 -7.57727e-15 -1.94289e-15
1.22125e-15 -7.71605e-15 -1.83187e-15
1.44329e-15 -7.79932e-15 -1.88738e-15
1.44329e-15 -8.02136e-15 -1.83187e-15
1.55431e-15 -8.13238e-15 -1.77636e-15
1.44329e-15 -8.32667e-15 -1.66533e-15
1.66533e-15 -7.99361e-15 -1.66533e-15
1.77636e-15 -8.16014e-15 -1.60982e-15
1.77636e-15 -8.40994e-15 -1.44329e-15
1.88738e-15 -8.29892e-15 -1.72085e-15
1.66533e-15 -8.03524e-15 -1.66533e-15
1.55431e-15 -8.06299e-15 -1.88738e-15
1.44329e-15 -8.33361e-15 -2.10942e-15
1.55431e-15 -8.35443e-15 -2.10942e-15
1.44329e-15 -8.48627e-15 -1.9984e-15
1.33227e-15 -8.74301e-15 -1.9984e-15
1.44329e-15 -8.83321e-15 -1.66533e-15
1.22125e-15 -8.92168e-15 -1.9984e-15
1.22125e-15 -9.06393e-15 -1.66533e-15
1.33227e-15 -8.99628e-15 -1.9984e-15
1.22125e-15 -9.11424e-15 -1.66533e-15
9.99201e-16 -9.1871e-15 -2.10942e-15
1.11022e-15 -9.27036e-15 -1.88738e-15
7.77156e-16 -9.20097e-15 -1.9984e-15
8.88178e-16 -9.33975e-15 -1.9984e-15
5.55112e-16 -9.28424e-15 -2.10942e-15
5.55112e-16 -9.32587e-15 -1.88738e-15
9.99201e-16 -9.32587e-15 -1.77636e-15
1.11022e-15 -9.14546e-15 -1.66533e-15
9.99201e-16 -8.88178e-15 -1.9984e-15
9.99201e-16 -8.97893e-15 -1.66533e-15
8.88178e-16 -8.90954e-15 -1.66533e-15
9.99201e-16 -8.85403e-15 -1.22125e-15
1.11022e-15 -8.77076e-15 -1.22125e-15
9.99201e-16 -8.71525e-15 -1.66533e-15
1.22125e-15 -8.82627e-15 -1.77636e-15
9.99201e-16 -8.82627e-15 -1.77636e-15
9.99201e-16 -8.85403e-15 -2.10942e-15
7.77156e-16 -8.88178e-15 -2.33147e-15
6.66134e-16 -8.65974e-15 -1.9984e-15
7.77156e-16 -8.32667e-15 -1.66533e-15
6.66134e-16 -8.29892e-15 -1.55431e-15
7.77156e-16 -8.52096e-15 -1.66533e-15
8.88178e-16 -8.79852e-15 -1.11022e-15
1.11022e-15 -8.82627e-15 -9.99201e-16
1.11022e-15 -8.77076e-15 -4.44089e-16
1.22125e-15 -9.15934e-15 -2.22045e-16
8.88178e-16 -9.21485e-15 0
1.22125e-15 -9.32587e-15 3.33067e-16
1.22125e-15 -9.65894e-15 2.22045e-16
1.55431e-15 -9.54792e-15 6.66134e-16
1.11022e-15 -9.27036e-15 2.22045e-16
8.88178e-16 -9.38138e-15 3.33067e-16
5.55112e-16 -9.15934e-15 5.55112e-16
5.55112e-16 -8.99281e-15 5.55112e-16
5.55112e-16 -9.21485e-15 8.88178e-16
1.11022e-16 -9.54792e-15 4.44089e-16
0 -9.54792e-15 1.22125e-15
0 -9.82547e-15 8.88178e-16
-2.22045e-16 -9.76996e-15 6.66134e-16
-5.55112e-16 -9.49241e-15 7.77156e-16
-2.22045e-16 -9.4369e-15 9.99201e-16
-4.44089e-16 -9.15934e-15 5.55112e-16
-1.11022e-16 -8.99281e-15 6.66134e-16
0 -9.04832e-15 9.99201e-16
3.33067e-16 -9.49241e-15 9.99201e-16
5.55112e-16 -9.32587e-15 1.22125e-15
8.88178e-16 -9.27036e-15 8.88178e-16
6.66134e-16 -9.04832e-15 7.77156e-16
7.77156e-16 -9.21485e-15 1.33227e-15
8.88178e-16 -9.76996e-15 1.44329e-15
8.88178e-16 -9.4369e-15 1.22125e-15
9.99201e-16 -9.54792e-15 1.44329e-15
1.11022e-15 -9.65894e-15 1.72085e-15
9.99201e-16 -9.49241e-15 1.55431e-15
7.77156e-16 -9.32587e-15 1.44329e-15
7.77156e-16 -9.15934e-15 1.11022e-15
4.44089e-16 -9.15934e-15 1.22125e-15
5.55112e-16 -9.49241e-15 6.10623e-16
6.66134e-16 -9.32587e-15 8.88178e-16
6.66134e-16 -9.32587e-15 7.77156e-16
6.66134e-16 -9.82547e-15 1.38778e-15
7.77156e-16 -9.88098e-15 1.66533e-15
1.11022e-15 -1.0103e-14 1.44329e-15
8.88178e-16 -1.03251e-14 8.32667e-16
6.66134e-16 -1.07137e-14 6.10623e-16
4.44089e-16 -1.08802e-14 3.88578e-16
2.22045e-16 -1.08802e-14 8.32667e-16
0 -1.07692e-14 5.55112e-16
2.22045e-16 -1.08802e-14 1.05471e-15
3.33067e-16 -1.07692e-14 7.21645e-16
3.33067e-16 -1.11577e-14 8.32667e-16
2.22045e-16 -1.11022e-14 5.55112e-16
2.22045e-16 -1.13798e-14 3.88578e-16
1.11022e-16 -1.14353e-14 2.77556e-16
4.44089e-16 -1.14908e-14 2.77556e-16
3.33067e-16 -1.13243e-14 3.88578e-16
4.44089e-16 -1.16018e-14 3.88578e-16
2.22045e-16 -1.18239e-14 4.44089e-16
4.44089e-16 -1.19904e-14 5.55112e-17
0 -1.2268e-14 2.22045e-16
2.22045e-16 -1.25455e-14 3.60822e-16
1.11022e-16 -1.23235e-14 2.498e-16
0 -1.2379e-14 -2.77556e-17
-1.11022e-16 -1.21014e-14 6.10623e-16
2.22045e-16 -1.18239e-14 4.996e-16
2.22045e-16 -1.19904e-14 4.16334e-16
4.44089e-16 -1.20459e-14 3.05311e-16
2.22045e-16 -1.21569e-14 4.996e-16
1.11022e-16 -1.22125e-14 5.55112e-16
-1.11022e-16 -1.25455e-14 6.38378e-16
0 -1.26565e-14 7.21645e-16
-1.11022e-16 -1.27121e-14 3.60822e-16
0 -1.2601e-14 4.16334e-16
1.11022e-16 -1.28786e-14 3.88578e-16
-1.11022e-16 -1.28231e-14 6.245e-16
-1.11022e-16 -1.2601e-14 2.498e-16
-1.11022e-16 -1.27121e-14 6.66134e-16
-1.11022e-16 -1.27676e-14 8.04912e-16
-1.11022e-16 -1.28786e-14 5.82867e-16
-3.33067e-16 -1.26565e-14 6.59195e-16
-4.44089e-16 -1.24345e-14 1.25594e-15
-5.55112e-16 -1.23235e-14 1.07206e-15
-4.44089e-16 -1.22125e-14 1.63324e-15
-4.44089e-16 -1.19904e-14 9.06393e-16
-4.44089e-16 -1.21569e-14 8.84709e-16
-4.44089e-16 -1.19349e-14 3.67761e-16
-3.33067e-16 -1.19349e-14 3.33067e-16
-2.22045e-16 -1.17129e-14 -5.6205e-16
-1.11022e-16 -1.14908e-14 1.80411e-16
-2.22045e-16 -1.13243e-14 7.63278e-16
-1.11022e-16 -1.10467e-14 2.35922e-16
-3.33067e-16 -1.13243e-14 6.93889e-16
-4.44089e-16 -1.14908e-14 8.18789e-16
-4.44089e-16 -1.12133e-14 3.46945e-16
-4.44089e-16 -1.16573e-14 1.01308e-15
-3.33067e-16 -1.16018e-14 8.88178e-16
-4.44089e-16 -1.16573e-14 4.16334e-17
-4.44089e-16 -1.15463e-14 7.63278e-16
-5.55112e-16 -1.14353e-14 6.66134e-16
-3.33067e-16 -1.16573e-14 2.498e-16
-4.44089e-16 -1.17684e-14 2.22045e-16
-4.44089e-16 -1.16573e-14 7.49401e-16
-1.11022e-16 -1.16573e-14 5.82867e-16
-1.11022e-16 -1.13798e-14 1.13798e-15
0 -1.17684e-14 1.30451e-15
-1.11022e-16 -1.19904e-14 6.66134e-16
-1.11022e-16 -1.20459e-14 1.16573e-15
-4.44089e-16 -1.18239e-14 1.36002e-15
-2.22045e-16 -1.17684e-14 1.52656e-15
-1.11022e-16 -1.16018e-14 1.41553e-15
0 -1.19349e-14 1.58207e-15
-1.11022e-16 -1.20459e-14 1.16573e-15
-1.11022e-16 -1.15463e-14 1.52656e-15
-1.11022e-16 -1.13798e-14 1.05471e-15
-3.33067e-16 -1.12133e-14 1.27676e-15
-4.44089e-16 -1.11577e-14 1.44329e-15
-2.22045e-16 -1.16573e-14 1.85962e-15
-2.22045e-16 -1.16018e-14 1.72085e-15
-1.11022e-16 -1.16018e-14 1.72085e-15
1.11022e-16 -1.16018e-14 1.9984e-15
1.11022e-16 -1.16018e-14 1.4988e-15
2.22045e-16 -1.13798e-14 1.83187e-15
-2.22045e-16 -1.17129e-14 1.7486e-15
-2.22045e-16 -1.17129e-14 1.19349e-15
-4.44089e-16 -1.20737e-14 1.47105e-15
-1.11022e-16 -1.19904e-14 1.36002e-15
-2.22045e-16 -1.21569e-14 1.60982e-15
-2.22045e-16 -1.20182e-14 1.38778e-15
-4.44089e-16 -1.22125e-14 1.38778e-15
-5.55112e-16 -1.19904e-14 1.60982e-15
-5.55112e-16 -1.20459e-14 1.92901e-15
-6.66134e-16 -1.19904e-14 2.06779e-15
-7.77156e-16 -1.20737e-14 2.23432e-15
-8.88178e-16 -1.21569e-14 2.13718e-15
-9.99201e-16 -1.22957e-14 1.91513e-15
-8.88178e-16 -1.21847e-14 1.90126e-15
-8.88178e-16 -1.23582e-14 1.54043e-15
-8.88178e-16 -1.22125e-14 1.9082e-15
-1.11022e-15 -1.27572e-14 1.88738e-15
-1.22125e-15 -1.25542e-14 1.75554e-15
-1.44329e-15 -1.27242e-14 1.68268e-15
-1.55431e-15 -1.27329e-14 2.01054e-15
-1.66533e-15 -1.24623e-14 2.2829e-15
-1.22125e-15 -1.20737e-14 2.35662e-15
-1.33227e-15 -1.22263e-14 2.44249e-15
-1.22125e-15 -1.22541e-14 2.47719e-15
-1.22125e-15 -1.20737e-14 3.04617e-15
-1.11022e-15 -1.25455e-14 3.06699e-15
-9.99201e-16 -1.24067e-14 3.17801e-15
-8.88178e-16 -1.25178e-14 3.1572e-15
-7.77156e-16 -1.25178e-14 3.08087e-15
-6.66134e-16 -1.26565e-14 3.16414e-15
-6.66134e-16 -1.28231e-14 3.02536e-15
-5.55112e-16 -1.25733e-14 3.34455e-15
-5.55112e-16 -1.27676e-14 3.52496e-15
-5.55112e-16 -1.29341e-14 3.77476e-15
-6.66134e-16 -1.29341e-14 4.13558e-15
-6.66134e-16 -1.27121e-14 3.95517e-15
-6.66134e-16 -1.28786e-14 3.95517e-15
-6.66134e-16 -1.31006e-14 4.03844e-15
-7.77156e-16 -1.32117e-14 3.9968e-15
-6.66134e-16 -1.29896e-14 4.13558e-15
-6.66134e-16 -1.33227e-14 4.45477e-15
-5.55112e-16 -1.29896e-14 4.16334e-15
-6.66134e-16 -1.32672e-14 4.39926e-15
-6.66134e-16 -1.31006e-14 4.42701e-15
-4.44089e-16 -1.32117e-14 4.51028e-15
-4.44089e-16 -1.27676e-14 4.41314e-15
-4.44089e-16 -1.29341e-14 4.42701e-15
-4.44089e-16 -1.27121e-14 4.26048e-15
-5.55112e-16 -1.2379e-14 4.31599e-15
-6.66134e-16 -1.2268e-14 4.26048e-15
-7.77156e-16 -1.17129e-14 4.27436e-15
-1.11022e-15 -1.18239e-14 4.28824e-15
-8.88178e-16 -1.2268e-14 4.30211e-15
-9.99201e-16 -1.23235e-14 4.1217e-15
-8.88178e-16 -1.2268e-14 4.19109e-15
-7.77156e-16 -1.21569e-14 4.19109e-15
-7.77156e-16 -1.21014e-14 4.19109e-15
-8.88178e-16 -1.249e-14 4.17721e-15
-7.77156e-16 -1.2379e-14 4.05925e-15
-5.55112e-16 -1.2601e-14 3.94823e-15
-3.33067e-16 -1.2268e-14 4.05925e-15
-3.33067e-16 -1.27676e-14 3.95864e-15
-6.66134e-16 -1.249e-14 3.85282e-15
-7.77156e-16 -1.25455e-14 3.84935e-15
-7.77156e-16 -1.23235e-14 3.84762e-15
-6.66134e-16 -1.24345e-14 3.97599e-15
-7.77156e-16 -1.26565e-14 3.89272e-15
-8.88178e-16 -1.26565e-14 3.95517e-15
-9.99201e-16 -1.26565e-14 3.93435e-15
-1.22125e-15 -1.27676e-14 3.83721e-15
-1.44329e-15 -1.31561e-14 3.88578e-15
-1.33227e-15 -1.25455e-14 3.8719e-15
-1.33227e-15 -1.2268e-14 3.92741e-15
-1.44329e-15 -1.18794e-14 4.06619e-15
-1.44329e-15 -1.20459e-14 4.02456e-15
-1.55431e-15 -1.13243e-14 4.02456e-15
-1.55431e-15 -1.07692e-14 3.94129e-15
-1.66533e-15 -1.13798e-14 3.96905e-15
-1.77636e-15 -1.11577e-14 4.02456e-15
-1.77636e-15 -1.18239e-14 4.02456e-15
-1.88738e-15 -1.17129e-14 3.94129e-15
-1.77636e-15 -1.19904e-14 3.83027e-15
-1.88738e-15 -1.17129e-14 3.96905e-15
-1.88738e-15 -1.21014e-14 3.83027e-15
-1.77636e-15 -1.17684e-14 3.80251e-15
-1.55431e-15 -1.14353e-14 3.94129e-15
-1.55431e-15 -1.14353e-14 3.94129e-15
-1.66533e-15 -1.14353e-14 4.10783e-15
-1.66533e-15 -1.11022e-14 4.16334e-15
-1.66533e-15 -1.13798e-14 4.32987e-15
-1.55431e-15 -1.13243e-14 4.4964e-15
-1.33227e-15 -1.12133e-14 4.4964e-15
-1.22125e-15 -1.15463e-14 4.44089e-15
-1.22125e-15 -1.20459e-14 4.60743e-15
-1.22125e-15 -1.19904e-14 4.66294e-15
-1.22125e-15 -1.20459e-14 4.77396e-15
-1.33227e-15 -1.2601e-14 4.77396e-15
-1.22125e-15 -1.2379e-14 4.66294e-15
-1.44329e-15 -1.2379e-14 4.77396e-15
-1.55431e-15 -1.2379e-14 4.60743e-15
-1.22125e-15 -1.249e-14 4.4964e-15
-9.99201e-16 -1.2379e-14 4.38538e-15
-9.99201e-16 -1.2268e-14 4.38538e-15
-1.11022e-15 -1.21014e-14 4.38538e-15
-1.22125e-15 -1.25455e-14 4.55191e-15
-1.11022e-15 -1.19349e-14 4.60743e-15
-9.99201e-16 -1.2268e-14 4.66294e-15
-8.88178e-16 -1.2268e-14 4.66294e-15
-8.88178e-16 -1.19904e-14 4.60743e-15
-8.88178e-16 -1.16573e-14 4.55191e-15
-5.55112e-16 -1.16018e-14 4.32987e-15
-7.77156e-16 -1.18239e-14 4.32987e-15
-8.88178e-16 -1.16018e-14 4.55191e-15
-8.88178e-16 -1.21014e-14 4.66294e-15
-8.88178e-16 -1.20459e-14 4.32987e-15
-7.77156e-16 -1.18239e-14 4.32987e-15
-8.88178e-16 -1.16018e-14 4.55191e-15
-8.88178e-16 -1.18239e-14 4.77396e-15
-8.88178e-16 -1.17129e-14 4.66294e-15
-8.88178e-16 -1.16018e-14 4.66294e-15
-7.77156e-16 -1.18794e-14 4.55191e-15
-7.77156e-16 -1.19349e-14 4.55191e-15
-9.99201e-16 -1.2268e-14 4.44089e-15
-1.11022e-15 -1.21569e-14 4.66294e-15
-8.88178e-16 -1.19071e-14 4.66294e-15
-7.77156e-16 -1.17684e-14 4.77396e-15
-5.55112e-16 -1.17406e-14 4.88498e-15
-4.44089e-16 -1.15741e-14 4.55191e-15
-2.22045e-16 -1.16851e-14 4.66294e-15
-1.11022e-16 -1.16296e-14 4.66294e-15
-2.22045e-16 -1.15741e-14 4.44089e-15
-2.22045e-16 -1.17684e-14 4.44089e-15
-2.22045e-16 -1.16573e-14 4.60743e-15
-2.77556e-16 -1.17129e-14 4.44089e-15
-2.77556e-16 -1.16018e-14 4.55191e-15
-2.22045e-16 -1.14631e-14 4.55191e-15
-3.88578e-16 -1.1588e-14 4.38538e-15
-4.44089e-16 -1.15463e-14 4.44089e-15
-3.88578e-16 -1.14492e-14 4.55191e-15
-3.33067e-16 -1.14214e-14 4.71845e-15
-4.996e-16 -1.11439e-14 4.77396e-15
-5.55112e-16 -1.13243e-14 4.82947e-15
-6.10623e-16 -1.13728e-14 4.77396e-15
-5.55112e-16 -1.12549e-14 4.77396e-15
-6.10623e-16 -1.10849e-14 4.71845e-15
-6.66134e-16 -1.10623e-14 4.55191e-15
-6.10623e-16 -1.10328e-14 4.4964e-15
-5.55112e-16 -1.10398e-14 4.44089e-15
-6.10623e-16 -1.08732e-14 4.44089e-15
-6.38378e-16 -1.09426e-14 4.4964e-15
-6.66134e-16 -1.10606e-14 4.66294e-15
-6.38378e-16 -1.10328e-14 4.63518e-15
-6.52256e-16 -1.11439e-14 4.69069e-15
-6.10623e-16 -1.12826e-14 4.60743e-15
-6.31439e-16 -1.11855e-14 4.71845e-15
-6.66134e-16 -1.09635e-14 4.73233e-15
-4.71845e-16 -1.09357e-14 4.80171e-15
-3.69496e-16 -1.07137e-14 4.7462e-15
-2.70617e-16 -1.06304e-14 4.71845e-15
-2.22045e-16 -1.06026e-14 4.66294e-15
-1.45717e-16 -1.06304e-14 4.57273e-15
-2.63678e-16 -1.05471e-14 4.48599e-15
-2.22045e-16 -1.05471e-14 4.61783e-15
-4.44089e-16 -1.07414e-14 4.43222e-15
-5.13478e-16 -1.07969e-14 4.46865e-15
-4.44089e-16 -1.07137e-14 4.41314e-15
-5.82867e-16 -1.07692e-14 4.42354e-15
-6.10623e-16 -1.06581e-14 4.46865e-15
-4.71845e-16 -1.06026e-14 4.30211e-15
-6.93889e-16 -1.07692e-14 4.42701e-15
-9.99201e-16 -1.08802e-14 4.4062e-15
-9.99201e-16 -1.07137e-14 4.32987e-15
-1.27676e-15 -1.06026e-14 4.26048e-15
-1.16573e-15 -1.05471e-14 4.20497e-15
-1.22125e-15 -1.05471e-14 4.1217e-15
-1.38778e-15 -1.03251e-14 3.98293e-15
-1.44329e-15 -1.02141e-14 3.98293e-15
-1.4988e-15 -1.02696e-14 3.98293e-15
-1.38778e-15 -1.01585e-14 4.23273e-15
-1.11022e-15 -1.01585e-14 4.30211e-15
-9.99201e-16 -1.00475e-14 4.18415e-15
-8.32667e-16 -1.02696e-14 4.37844e-15
-6.66134e-16 -1.03806e-14 4.45477e-15
-5.55112e-16 -1.03251e-14 4.5311e-15
-8.88178e-16 -1.03251e-14 4.656e-15
-8.88178e-16 -1.02696e-14 4.66988e-15
-8.88178e-16 -1.00475e-14 4.52763e-15
-7.77156e-16 -1.00475e-14 4.48253e-15
-9.4369e-16 -1.03251e-14 4.25181e-15
-1.11022e-15 -1.05471e-14 4.21017e-15
-9.99201e-16 -1.06026e-14 4.51071e-15
-1.11022e-15 -1.04916e-14 4.72192e-15
-1.16573e-15 -1.03806e-14 4.63171e-15
-1.16573e-15 -1.02696e-14 4.46865e-15
-1.11022e-15 -1.03251e-14 4.53804e-15
-8.88178e-16 -1.04916e-14 4.42701e-15
-6.10623e-16 -1.04916e-14 4.30211e-15
-6.66134e-16 -1.06581e-14 4.46865e-15
-7.77156e-16 -1.08802e-14 4.28824e-15
-6.66134e-16 -1.09912e-14 4.46865e-15
-9.4369e-16 -1.07692e-14 4.70457e-15
-9.99201e-16 -1.09357e-14 4.70457e-15
-7.21645e-16 -1.11022e-14 4.20497e-15
-4.44089e-16 -1.13798e-14 4.19109e-15
-4.44089e-16 -1.16573e-14 4.27436e-15
-3.33067e-16 -1.14353e-14 4.41314e-15
-2.77556e-16 -1.13243e-14 4.35763e-15
-3.33067e-16 -1.11022e-14 4.46865e-15
-4.996e-16 -1.08802e-14 4.4964e-15
-4.996e-16 -1.11022e-14 4.55191e-15
-6.10623e-16 -1.14353e-14 4.66294e-15
-7.21645e-16 -1.14353e-14 4.35763e-15
-8.88178e-16 -1.14353e-14 4.27436e-15
-5.55112e-16 -1.15463e-14 3.9968e-15
-3.33067e-16 -1.14353e-14 4.4964e-15
-3.33067e-16 -1.14353e-14 4.60743e-15
-4.44089e-16 -1.12133e-14 4.27436e-15
-3.33067e-16 -1.13243e-14 4.10783e-15
-3.33067e-16 -1.12133e-14 4.44089e-15
-2.22045e-16 -1.12133e-14 4.27436e-15
1.11022e-16 -1.11022e-14 3.94129e-15
3.33067e-16 -1.08802e-14 4.10783e-15
5.55112e-16 -1.05471e-14 4.10783e-15
5.55112e-16 -1.03251e-14 4.21885e-15
6.66134e-16 -1.03251e-14 4.16334e-15
5.55112e-16 -1.05471e-14 4.10783e-15
6.66134e-16 -1.06581e-14 4.21885e-15
5.55112e-16 -1.06581e-14 4.38538e-15
4.44089e-16 -1.04361e-14 4.44089e-15
5.55112e-16 -1.03251e-14 4.44089e-15
6.66134e-16 -1.03251e-14 4.60743e-15
6.66134e-16 -1.04361e-14 4.77396e-15
4.44089e-16 -1.02141e-14 4.996e-15
4.44089e-16 -1.03251e-14 4.996e-15
4.44089e-16 -1.03251e-14 4.88498e-15
3.33067e-16 -1.02141e-14 4.996e-15
2.22045e-16 -1.0103e-14 5.21805e-15
-2.22045e-16 -9.99201e-15 5.16254e-15
-2.22045e-16 -1.02141e-14 5.16254e-15
0 -1.04361e-14 5.32907e-15
1.11022e-16 -9.99201e-15 5.21805e-15
1.11022e-16 -9.88098e-15 5.32907e-15
4.44089e-16 -1.0103e-14 5.44009e-15
4.44089e-16 -1.0103e-14 5.66214e-15
5.55112e-16 -1.0103e-14 5.77316e-15
6.66134e-16 -9.76996e-15 5.21805e-15
7.77156e-16 -9.76996e-15 5.88418e-15
6.66134e-16 -9.88098e-15 5.44009e-15
6.66134e-16 -9.99201e-15 5.66214e-15
7.77156e-16 -1.02141e-14 5.55112e-15
