1000 5.71267 1.20411 11.4253
2000 4.95191 0.128701 9.90381
3000 4.37364 0.196925 8.74728
4000 4.46715 0.203553 8.9343
5000 5.16243 -0.0577156 10.3249
6000 4.79106 -0.0941328 9.58212
7000 5.5371 0.0678267 11.0742
8000 4.84913 0.0209669 9.69825
9000 5.24543 0.354981 10.4909
10000 5.41675 0.281971 10.8335
11000 5.07342 -0.0432761 10.1468
12000 5.0905 0.0436874 10.181
13000 5.04138 -0.10429 10.0828
14000 4.39401 0.095677 8.78802
15000 5.36182 -0.071772 10.7236
16000 5.01665 0.102658 10.0333
17000 4.82875 0.0507829 9.6575
18000 5.11574 0.133064 10.2315
19000 5.09681 -0.125291 10.1936
20000 4.73647 -0.120639 9.47294
21000 5.06397 -0.255917 10.1279
22000 5.03488 0.157154 10.0698
23000 5.37591 -0.113491 10.7518
24000 4.88241 -0.146671 9.76483
25000 5.05958 -0.167005 10.1192
26000 5.15229 -0.102167 10.3046
27000 5.19119 0.0955121 10.3824
28000 5.01033 0.0889136 10.0207
29000 4.94 0.0221466 9.88
30000 5.02023 -0.0712243 10.0405
31000 4.89241 0.011126 9.78481
32000 4.87755 0.0274485 9.75509
33000 4.86862 -0.107735 9.73725
34000 4.91947 -0.0407615 9.83894
35000 4.98493 0.157488 9.96985
36000 5.10881 -0.00012722 10.2176
37000 4.92134 -0.061562 9.84267
38000 4.71999 0.169001 9.43999
39000 5.06767 -0.0451765 10.1353
40000 5.04958 0.031877 10.0992
41000 4.9473 -0.0503552 9.8946
42000 4.9499 -0.000167753 9.89981
43000 5.02368 0.0703226 10.0474
44000 5.02918 -0.0572318 10.0584
45000 4.82284 -0.133939 9.64567
46000 5.09455 -0.0349714 10.1891
47000 4.70149 0.0175879 9.40297
48000 4.82461 0.0948348 9.64921
49000 5.29135 0.0201837 10.5827
50000 5.17974 -0.0636876 10.3595
51000 4.89428 -0.091087 9.78856
52000 4.91667 -0.0178176 9.83335
53000 5.054 -0.0515168 10.108
54000 4.96897 -0.0215856 9.93793
55000 5.10794 -0.0485014 10.2159
56000 5.06717 -0.0218015 10.1343
57000 4.97625 0.0906259 9.9525
58000 5.21676 0.0984317 10.4335
59000 5.01814 -0.00445112 10.0363
60000 5.05925 -0.0734239 10.1185
61000 4.92603 0.0443315 9.85206
62000 4.97313 -0.0225523 9.94627
63000 4.86229 -0.066427 9.72458
64000 5.07056 -0.0347973 10.1411
65000 5.02223 -0.0800755 10.0445
66000 5.09787 0.125579 10.1957
67000 4.89254 -0.0415557 9.78507
68000 5.28823 -0.0145588 10.5765
69000 5.07911 0.0624286 10.1582
70000 4.97587 -0.0578911 9.95173
71000 5.17561 -0.00862573 10.3512
72000 5.02591 0.0329977 10.0518
73000 5.16331 -0.0163715 10.3266
74000 4.85816 -0.0469819 9.71631
75000 5.00593 0.0389484 10.0119
76000 5.08188 0.0117264 10.1638
77000 4.97277 -0.0151038 9.94554
78000 4.85175 -0.00434966 9.70349
79000 5.04165 0.0666439 10.0833
80000 4.99337 -0.0744717 9.98673
81000 4.91099 -0.102563 9.82198
82000 5.06228 0.0271683 10.1246
83000 4.95115 -0.0581791 9.9023
84000 4.97736 -0.0778269 9.95472
85000 5.06934 0.0467675 10.1387
86000 4.96799 -0.0951911 9.93599
87000 5.03643 0.0510995 10.0729
88000 5.06036 -0.0740706 10.1207
89000 5.07939 0.0156931 10.1588
90000 4.91205 -0.0116899 9.82411
91000 4.86846 -0.0838887 9.73691
92000 5.08191 -0.0162138 10.1638
93000 4.82547 0.0457699 9.65095
94000 4.88065 0.0769976 9.76129
95000 4.95693 0.0129253 9.91387
96000 4.97306 0.0227646 9.94612
97000 4.99735 -0.023702 9.99471
98000 5.11217 -0.0380122 10.2243
99000 5.09492 0.0286845 10.1898
100000 4.88043 -0.078259 9.76087
101000 5.0293 0.00822747 10.0586
102000 5.01518 -0.00582597 10.0304
103000 5.02755 -0.000647414 10.0551
104000 4.9988 -0.0437906 9.9976
105000 4.84662 -0.0643928 9.69324
106000 5.06639 -0.0395533 10.1328
107000 4.932 0.0086197 9.864
108000 5.03905 0.0357223 10.0781
109000 5.17733 -0.0294455 10.3547
110000 4.99427 0.0437374 9.98854
111000 5.0899 0.0389548 10.1798
112000 5.05782 -0.0937768 10.1156
113000 5.12689 -0.0880495 10.2538
114000 4.85676 -0.00633436 9.71353
115000 5.01362 0.0521324 10.0272
116000 5.01029 -0.0388148 10.0206
117000 5.07 -0.0395581 10.14
118000 4.92815 -0.0182095 9.8563
119000 4.86059 0.00545656 9.72118
120000 5.00524 0.00293173 10.0105
121000 5.01312 -0.0267158 10.0262
122000 5.02516 0.00876902 10.0503
123000 5.02111 0.0328076 10.0422
124000 4.98084 0.0164848 9.96168
125000 4.9885 0.00161747 9.977
126000 5.11599 -0.0371096 10.232
127000 4.99963 0.0814638 9.99926
128000 4.98242 0.0796633 9.96483
129000 4.88532 -0.0132498 9.77064
130000 5.08517 -0.0762244 10.1703
131000 4.90462 0.079676 9.80925
132000 4.97852 -0.0806258 9.95705
133000 5.13621 0.000398546 10.2724
134000 5.04902 0.0638281 10.098
135000 4.86651 -0.0243426 9.73303
136000 4.97101 0.0302739 9.94202
137000 5.04448 -0.00119632 10.089
138000 5.07331 -0.0169173 10.1466
139000 4.98279 -0.0222428 9.96558
140000 5.06199 -0.0405863 10.124
141000 4.89547 0.0396714 9.79094
142000 5.00038 -0.0399949 10.0008
143000 5.10633 0.0190779 10.2127
144000 4.91481 0.00858954 9.82962
145000 4.89151 0.00394623 9.78303
146000 5.06827 -0.0670305 10.1365
147000 4.92151 -0.0301104 9.84302
148000 5.02885 -0.0478699 10.0577
149000 4.96174 0.103086 9.92349
150000 4.99804 -0.0129968 9.99608
151000 4.96938 0.0632488 9.93876
152000 5.06981 0.0148494 10.1396
153000 5.05199 0.0756759 10.104
154000 5.00121 0.0142949 10.0024
155000 4.96224 0.0635394 9.92449
156000 4.93336 0.0467863 9.86672
157000 5.14137 -0.0101263 10.2827
158000 5.04994 -0.0203273 10.0999
159000 4.99544 0.0233325 9.99087
160000 5.03913 -0.011043 10.0783
161000 5.00631 -0.00849024 10.0126
162000 4.89816 0.000560986 9.79632
163000 5.13865 0.0500947 10.2773
164000 5.00941 -0.00240791 10.0188
165000 4.94658 0.0162894 9.89315
166000 4.92835 0.00203558 9.8567
167000 5.10478 -0.0436962 10.2096
168000 4.95635 0.0529179 9.9127
169000 5.15397 0.041392 10.3079
170000 4.91518 -0.000551698 9.83037
171000 5.0002 0.0350879 10.0004
172000 4.99694 0.0039212 9.99388
173000 5.07769 0.00970189 10.1554
174000 5.04527 -0.0577781 10.0905
175000 4.97249 -0.0162088 9.94497
176000 4.99057 -0.0136314 9.98114
177000 5.05277 -0.0222215 10.1055
178000 4.95215 -0.0400441 9.9043
179000 5.01006 0.0263914 10.0201
180000 5.03314 0.0258863 10.0663
181000 5.0415 0.0140156 10.083
182000 4.89265 -0.00131524 9.78531
183000 5.02605 -0.0601834 10.0521
184000 5.06922 0.0183062 10.1384
185000 5.0664 0.0256574 10.1328
186000 4.96984 -0.000312212 9.93968
187000 4.99001 0.00325457 9.98002
188000 4.97152 0.0111676 9.94304
189000 5.06062 0.0759643 10.1212
190000 5.03138 -0.0428711 10.0628
191000 4.97874 0.0113925 9.95747
192000 5.05365 0.0401532 10.1073
193000 4.98737 0.00298974 9.97473
194000 4.9252 -0.0442992 9.85041
195000 4.98913 0.0357458 9.97827
196000 4.95809 -0.0369055 9.91618
197000 4.94646 0.0466681 9.89291
198000 4.97742 0.0254402 9.95484
199000 4.99728 -0.0817134 9.99456
200000 5.04879 0.0466187 10.0976
201000 4.9296 -0.0461594 9.85921
202000 4.95339 -0.00893344 9.90679
203000 4.9925 -0.0422516 9.98501
204000 4.9867 0.0522313 9.97339
205000 5.00382 0.0526404 10.0076
206000 5.03986 -0.000962416 10.0797
207000 5.05976 0.0463548 10.1195
208000 5.0052 -0.0324621 10.0104
209000 4.90806 0.0170682 9.81613
210000 4.98457 0.0263878 9.96913
211000 4.99773 -0.0535506 9.99546
212000 4.98115 -0.000756949 9.96231
213000 4.97982 -0.0420009 9.95964
214000 5.01307 0.00805729 10.0261
215000 5.13058 0.055549 10.2612
216000 4.99668 -0.0280082 9.99337
217000 4.93323 0.0291652 9.86647
218000 4.98027 0.040651 9.96055
219000 5.04785 -0.00811673 10.0957
220000 4.93327 0.0213048 9.86654
221000 5.08374 0.0263036 10.1675
222000 4.99933 -0.044234 9.99865
223000 4.91621 -0.00850541 9.83242
224000 4.9717 -0.0648964 9.94339
225000 5.00901 0.0168309 10.018
226000 5.04778 0.0513904 10.0956
227000 4.99721 -0.0091285 9.99441
228000 4.98627 0.00918479 9.97254
229000 5.00523 0.0222685 10.0105
230000 4.90512 -0.0188007 9.81024
231000 4.96576 -0.0395144 9.93151
232000 4.97968 -0.0173286 9.95936
233000 5.07037 -0.0226125 10.1407
234000 4.89511 -0.00583871 9.79022
235000 4.95981 -0.00579439 9.91961
236000 4.94563 0.0121917 9.89125
237000 5.03534 -0.00236851 10.0707
238000 5.08809 0.00141541 10.1762
239000 5.02033 0.0177469 10.0407
240000 4.98311 -0.0521572 9.96622
241000 5.00245 0.0403085 10.0049
242000 4.9752 0.0107928 9.95039
243000 5.01664 -0.0114345 10.0333
244000 5.06208 -0.047693 10.1242
245000 4.98617 -0.00369091 9.97233
246000 4.93489 0.00205624 9.86977
247000 4.94539 -0.0197602 9.89078
248000 4.99571 -0.0251903 9.99142
249000 5.03352 -0.0314926 10.067
250000 4.97135 0.00919927 9.94271
251000 4.97814 0.0139286 9.95628
252000 4.95456 -0.0138274 9.90913
253000 5.0116 -0.00626759 10.0232
254000 5.07656 -0.00775868 10.1531
255000 5.00385 -0.00977191 10.0077
256000 5.03486 0.00598977 10.0697
257000 5.05046 0.0247981 10.1009
258000 4.9546 -0.011808 9.9092
259000 5.03836 -0.0244082 10.0767
260000 4.96724 0.0362967 9.93448
261000 4.97636 0.0208934 9.95271
262000 5.04333 0.0300528 10.0867
263000 4.95349 0.0302938 9.90697
264000 5.01154 -0.0198716 10.0231
265000 4.91285 0.00289514 9.82569
266000 5.0714 -0.0178251 10.1428
267000 5.00237 0.000101276 10.0047
268000 4.96876 0.0399361 9.93752
269000 4.93181 -0.0196973 9.86362
270000 4.94223 -0.0171269 9.88446
271000 4.9644 0.0230571 9.9288
272000 4.94294 -0.0401854 9.88587
273000 5.00134 -0.0294869 10.0027
274000 4.9906 0.0726432 9.98119
275000 5.0251 -0.0232803 10.0502
276000 4.91933 0.0151832 9.83867
277000 4.96428 -0.0218678 9.92856
278000 4.98887 -0.0239516 9.97774
279000 5.07267 0.0161552 10.1453
280000 4.9865 -0.0478324 9.97301
281000 5.08926 0.0149729 10.1785
282000 4.98466 0.0239037 9.96932
283000 5.05974 0.074351 10.1195
284000 5.06363 -0.0484462 10.1273
285000 4.97405 0.00186447 9.94811
286000 4.93517 -0.0835419 9.87034
287000 4.91119 0.0167735 9.82238
288000 5.0156 0.00800101 10.0312
289000 5.03369 0.00884099 10.0674
290000 5.0205 -0.00708547 10.041
291000 5.10692 -0.105343 10.2138
292000 5.03247 0.0193173 10.0649
293000 4.97867 -0.0314728 9.95734
294000 4.9572 0.0356336 9.91439
295000 5.12055 -0.0238429 10.2411
296000 5.09844 -0.0165823 10.1969
297000 5.00485 0.0155408 10.0097
298000 4.96336 -0.00790496 9.92673
299000 4.88804 -0.0172959 9.77608
300000 5.01737 -0.0256214 10.0347
301000 4.91062 -0.0184183 9.82124
302000 4.98777 0.0125 9.97554
303000 4.96531 0.0111559 9.93061
304000 5.05677 -0.0273756 10.1135
305000 5.06299 0.0277585 10.126
306000 5.08993 0.0119476 10.1799
307000 4.98506 -0.0290172 9.97012
308000 5.03749 0.00619899 10.075
309000 4.95635 -0.00250815 9.9127
310000 5.01888 0.0191601 10.0378
311000 5.018 -0.0156836 10.036
312000 4.9633 -0.00805952 9.92659
313000 5.03125 -0.039703 10.0625
314000 4.95396 -0.0323386 9.90791
315000 4.92483 -0.00533054 9.84966
316000 5.00959 -0.00173014 10.0192
317000 5.04086 -0.0114545 10.0817
318000 4.99648 -0.00226527 9.99296
319000 5.06289 0.0174623 10.1258
320000 4.97896 0.0103612 9.95792
321000 5.01383 -0.048794 10.0277
322000 4.98568 -0.0163545 9.97137
323000 5.03922 -0.0410098 10.0784
324000 5.01481 -0.0547816 10.0296
325000 4.96709 0.0227767 9.93418
326000 5.02391 -0.00116967 10.0478
327000 4.92072 -0.0223481 9.84144
328000 5.0536 0.0166487 10.1072
329000 5.06301 -0.0556594 10.126
330000 5.00093 0.0160198 10.0019
331000 5.03889 0.0230012 10.0778
332000 5.08612 0.0205041 10.1722
333000 5.07604 0.0118162 10.1521
334000 4.99877 0.0238402 9.99754
335000 5.06382 -0.0186949 10.1276
336000 5.05828 0.0211929 10.1166
337000 5.07907 -0.0225212 10.1581
338000 5.00063 0.0134543 10.0013
339000 5.00891 0.00557018 10.0178
340000 4.95702 -0.00889944 9.91404
341000 5.03006 -0.0443405 10.0601
342000 4.97055 -0.057815 9.94109
343000 4.96471 -0.0536463 9.92942
344000 5.05737 0.0394131 10.1147
345000 4.94069 -0.0497903 9.88138
346000 4.97659 0.0346845 9.95317
347000 4.91442 -0.00572599 9.82885
348000 5.06228 -0.0271793 10.1246
349000 4.98872 0.0070962 9.97745
350000 5.02432 0.0166168 10.0486
351000 5.02487 -0.0124264 10.0497
352000 5.02625 -0.00365155 10.0525
353000 4.9895 0.0345435 9.97901
354000 5.03338 0.0675633 10.0668
355000 4.98739 -0.00846002 9.97477
356000 5.03055 -0.00899242 10.0611
357000 4.9924 0.0446094 9.9848
358000 5.0615 -0.0585657 10.123
359000 4.99165 0.0362044 9.98331
360000 4.97874 -0.0363397 9.95748
361000 5.02145 -0.0232291 10.0429
362000 4.93363 -0.0263664 9.86727
363000 4.9735 0.017118 9.94699
364000 5.04181 -0.0545003 10.0836
365000 4.9438 -0.0543759 9.8876
366000 5.0201 0.011817 10.0402
367000 5.07158 -0.0265891 10.1432
368000 5.13024 0.0147723 10.2605
369000 5.04105 -0.00301724 10.0821
370000 5.03338 0.0517649 10.0668
371000 4.9815 0.000927115 9.96301
372000 4.92528 0.00538196 9.85056
373000 5.03122 -0.00747986 10.0624
374000 4.97494 0.0362389 9.94988
375000 4.99132 -0.0120634 9.98263
376000 5.02246 0.0176081 10.0449
377000 5.09608 0.00360706 10.1922
378000 4.94535 -0.00314631 9.8907
379000 5.0149 -0.02377 10.0298
380000 4.9824 0.0100789 9.9648
381000 4.9196 -0.0441424 9.83919
382000 4.95324 -0.0240081 9.90648
383000 5.03599 0.023845 10.072
384000 5.03879 -0.00917975 10.0776
385000 5.00316 -0.0162978 10.0063
386000 5.03075 0.00725005 10.0615
387000 4.98281 0.0315982 9.96561
388000 4.98417 0.000585126 9.96833
389000 5.08637 0.0228611 10.1727
390000 4.99416 -0.0397968 9.98831
391000 4.9743 0.00888788 9.9486
392000 4.87184 0.0280015 9.74369
393000 5.01362 0.0184593 10.0272
394000 4.96821 0.0524727 9.93642
395000 5.02236 0.0220555 10.0447
396000 4.9846 -0.0321629 9.9692
397000 5.0382 0.028761 10.0764
398000 4.98472 0.0252625 9.96943
399000 4.90662 -0.000547495 9.81325
400000 5.05715 -0.0122976 10.1143
401000 5.01484 -0.000338898 10.0297
402000 5.01116 -0.00225257 10.0223
403000 5.06873 -0.012315 10.1375
404000 4.98811 0.0464301 9.97621
405000 5.04317 -0.00206483 10.0863
406000 5.06688 0.0268082 10.1338
407000 4.96229 0.0159959 9.92458
408000 4.94305 0.0265331 9.8861
409000 5.00437 -0.00807244 10.0087
410000 4.98649 0.0250804 9.97298
411000 4.98508 0.0342702 9.97015
412000 4.96117 0.0199 9.92234
413000 4.95648 0.0114389 9.91295
414000 4.98199 -0.0217586 9.96399
415000 5.01805 0.036088 10.0361
416000 4.96074 0.0249009 9.92148
417000 5.0345 0.0445256 10.069
418000 4.96512 0.00721248 9.93025
419000 5.01046 -0.0480867 10.0209
420000 5.06469 0.00542202 10.1294
421000 5.04272 -0.00621623 10.0854
422000 5.04954 -0.0111005 10.0991
423000 5.02349 0.0254875 10.047
424000 5.01165 -0.00657814 10.0233
425000 4.98503 -0.014331 9.97005
426000 4.92764 -0.044574 9.85528
427000 4.94844 0.00888468 9.89689
428000 4.90009 0.0201312 9.80018
429000 5.00688 0.0125348 10.0138
430000 5.04426 -0.0505532 10.0885
431000 5.01129 0.028897 10.0226
432000 5.02253 -0.000235573 10.0451
433000 5.02547 0.0404675 10.0509
434000 5.01431 0.0163215 10.0286
435000 4.97727 -0.0129357 9.95454
436000 4.98648 -0.00643337 9.97296
437000 4.93687 0.00423698 9.87375
438000 5.01199 -0.00133444 10.024
439000 4.99418 -0.0012561 9.98836
440000 5.02255 -0.0167979 10.0451
441000 5.05714 -0.0125903 10.1143
442000 5.03935 0.014878 10.0787
443000 5.04069 -0.00955032 10.0814
444000 5.01962 0.0216309 10.0392
445000 4.98555 -0.0247341 9.97111
446000 5.02629 -0.0197895 10.0526
447000 4.93089 -0.0314026 9.86178
448000 4.96805 -0.012506 9.93609
449000 5.00623 0.00486924 10.0125
450000 4.94969 -0.008968 9.89938
451000 5.0207 -0.0203918 10.0414
452000 5.02081 0.00277307 10.0416
453000 4.95575 -0.00291317 9.91149
454000 5.0251 0.00764364 10.0502
455000 4.99883 -0.00146764 9.99766
456000 5.03747 0.0368809 10.0749
457000 5.03373 0.00157435 10.0675
458000 5.02849 -0.00405684 10.057
459000 4.91256 -0.00857058 9.82511
460000 4.97485 0.00665047 9.9497
461000 5.07895 -0.0586874 10.1579
462000 4.97654 0.0208348 9.95308
463000 4.9764 0.0443551 9.9528
464000 4.96475 0.0324681 9.9295
465000 5.12824 0.0031817 10.2565
466000 5.03082 -0.019797 10.0616
467000 5.03342 0.00438685 10.0668
468000 4.93634 -0.00931327 9.87267
469000 5.01104 0.0307614 10.0221
470000 4.99122 0.0146042 9.98244
471000 4.95451 -0.0181462 9.90902
472000 4.95461 -0.0205206 9.90922
473000 5.04456 -0.0170434 10.0891
474000 5.07941 -0.0133289 10.1588
475000 4.99893 -0.0122508 9.99785
476000 4.87058 0.00315038 9.74116
477000 5.00361 -0.011619 10.0072
478000 5.03032 0.0187076 10.0606
479000 4.99194 0.0017944 9.98388
480000 4.90576 -0.0187407 9.81153
481000 4.99759 -0.000541061 9.99518
482000 5.00735 -0.0162967 10.0147
483000 4.94776 0.0309847 9.89552
484000 5.0778 0.00416034 10.1556
485000 4.98973 0.0185662 9.97946
486000 5.03052 0.0349336 10.061
487000 5.02201 -0.0014544 10.044
488000 4.96951 -0.00123014 9.93902
489000 4.99328 0.00638502 9.98655
490000 4.9472 -0.0116905 9.89441
491000 4.97158 0.0330963 9.94316
492000 5.08597 -0.0298303 10.1719
493000 5.07583 0.0243694 10.1517
494000 5.04416 -0.00231154 10.0883
495000 4.98509 0.00718543 9.97018
496000 5.04752 -0.0292628 10.095
497000 5.01041 0.022473 10.0208
498000 5.01229 0.00310729 10.0246
499000 4.99683 0.0187461 9.99365
500000 4.99475 0.00780668 9.98949
501000 4.96013 0.00917801 9.92026
502000 5.03701 -0.0210012 10.074
503000 4.99248 -0.0359343 9.98497
504000 5.04178 0.0062708 10.0836
505000 4.97371 0.0181804 9.94741
506000 5.02087 0.0174835 10.0417
507000 4.98115 -0.00324268 9.96231
508000 5.10272 -0.016974 10.2054
509000 4.99345 -0.00786071 9.98691
510000 5.04703 0.0351598 10.0941
511000 5.01816 0.0480982 10.0363
512000 5.02247 0.0162597 10.0449
513000 5.08027 -0.0162628 10.1605
514000 4.93792 -0.0241095 9.87584
515000 5.0182 0.0249291 10.0364
516000 4.99335 0.00448138 9.9867
517000 4.9836 -0.00469647 9.96721
518000 5.03106 -0.0179042 10.0621
519000 4.99846 -0.0358439 9.99692
520000 4.99129 0.0347145 9.98258
521000 5.03413 0.00330377 10.0683
522000 4.96587 -0.0271438 9.93174
523000 4.88463 -0.0308281 9.76927
524000 5.09684 0.00259728 10.1937
525000 5.03375 0.00787858 10.0675
526000 4.99019 0.00370106 9.98039
527000 4.95139 0.0324502 9.90278
528000 4.95852 0.0029159 9.91704
529000 4.93087 -0.00503296 9.86174
530000 4.99921 -0.0497543 9.99841
531000 4.94063 -0.0223541 9.88127
532000 5.0047 -0.0178902 10.0094
533000 5.02539 -0.0169626 10.0508
534000 4.99346 0.0147513 9.98693
535000 4.98344 -0.0319891 9.96687
536000 4.95772 -0.00462698 9.91545
537000 5.01327 0.0154097 10.0265
538000 5.01266 0.035793 10.0253
539000 5.0115 -0.0027281 10.023
540000 5.03841 -0.0329064 10.0768
541000 5.01592 -0.0246891 10.0318
542000 5.06956 0.040731 10.1391
543000 4.99695 -0.0144525 9.99389
544000 4.94246 -0.00794045 9.88491
545000 5.04175 0.0266842 10.0835
546000 4.96706 -0.0063632 9.93411
547000 4.844 -0.0276541 9.688
548000 4.9468 0.0133705 9.8936
549000 4.99213 0.0350568 9.98427
550000 5.02362 -0.0113679 10.0472
551000 5.0273 0.0156354 10.0546
552000 5.00396 0.00245873 10.0079
553000 4.94562 -0.00290511 9.89124
554000 4.94092 -0.0131726 9.88185
555000 4.96878 0.00947018 9.93757
556000 5.00031 -0.0356468 10.0006
557000 4.97265 0.00870914 9.94529
558000 5.00657 -0.0416505 10.0131
559000 5.03324 0.000134001 10.0665
560000 4.99641 -0.0166626 9.99282
561000 5.01772 -0.000795897 10.0354
562000 5.05215 0.0108743 10.1043
563000 5.02403 0.00791732 10.0481
564000 4.9692 -0.020919 9.93839
565000 5.00484 0.013179 10.0097
566000 4.99001 -0.00432591 9.98002
567000 4.99518 0.0143906 9.99037
568000 4.98958 0.0053772 9.97915
569000 5.01492 0.0258645 10.0298
570000 4.95258 -0.0145949 9.90516
571000 4.94705 -0.020178 9.89409
572000 5.00601 0.000503848 10.012
573000 4.96819 0.0419072 9.93639
574000 5.02053 0.00139319 10.0411
575000 5.01432 0.0119519 10.0286
576000 4.96975 0.0284502 9.9395
577000 5.02157 0.0157711 10.0431
578000 4.97122 -0.0399831 9.94244
579000 5.00959 0.00109881 10.0192
580000 4.97723 0.00130454 9.95445
581000 5.03597 0.00950676 10.0719
582000 5.00119 -0.0232047 10.0024
583000 4.99073 -0.00412872 9.98147
584000 4.9939 -0.0158042 9.98779
585000 5.01705 0.0233507 10.0341
586000 4.96584 0.0129869 9.93169
587000 5.08837 0.00680158 10.1767
588000 4.9651 0.0120677 9.93021
589000 4.97427 -0.00117987 9.94855
590000 4.94161 0.0203225 9.88322
591000 5.08659 0.0107751 10.1732
592000 4.97132 -0.0281568 9.94263
593000 5.06973 -0.0238767 10.1395
594000 4.95615 -0.0263424 9.91229
595000 4.93832 0.0233179 9.87664
596000 5.0161 -0.0197202 10.0322
597000 4.94638 0.0210805 9.89277
598000 4.98508 -0.00248295 9.97015
599000 5.02788 0.00520473 10.0558
600000 5.04633 -0.00539588 10.0927
601000 5.00058 -0.00964709 10.0012
602000 5.02884 0.00304342 10.0577
603000 5.03744 0.0252734 10.0749
604000 4.99163 -0.00723957 9.98326
605000 5.01604 -0.00695154 10.0321
606000 4.9591 0.0137959 9.9182
607000 4.98479 0.0282336 9.96959
608000 4.97456 0.0258609 9.94912
609000 4.93841 0.00902557 9.87682
610000 4.99426 0.0772566 9.98853
611000 5.13304 -0.0140577 10.2661
612000 4.97422 -0.00707478 9.94843
613000 5.03046 0.0284423 10.0609
614000 5.01991 -0.00379452 10.0398
615000 4.96737 -0.0278496 9.93474
616000 4.96302 -0.0348735 9.92604
617000 5.02668 0.0353467 10.0534
618000 4.96737 -0.00590839 9.93474
619000 5.01202 -0.0216326 10.024
620000 5.00134 0.0102277 10.0027
621000 4.9952 -0.015632 9.9904
622000 4.99405 0.00272295 9.98809
623000 5.00678 0.0101805 10.0136
624000 5.04285 -0.0258812 10.0857
625000 5.01751 -0.0185261 10.035
626000 4.96959 -0.00603918 9.93919
627000 4.9685 -0.0260353 9.937
628000 5.06239 -0.0134835 10.1248
629000 5.01831 0.00293142 10.0366
630000 4.95134 -0.0061761 9.90268
631000 5.02796 0.010817 10.0559
632000 5.07011 -0.00975469 10.1402
633000 4.99896 0.0142339 9.99792
634000 4.98974 0.00278987 9.97948
635000 4.99673 -0.0220175 9.99347
636000 4.97194 0.0107913 9.94387
637000 4.9857 0.00582083 9.9714
638000 5.01812 -0.00525023 10.0362
639000 5.03349 -0.00200716 10.067
640000 4.98859 0.0147426 9.97717
641000 5.02717 -0.0323331 10.0543
642000 5.01789 -0.0107515 10.0358
643000 5.03193 -0.00288128 10.0639
644000 4.9765 0.00578526 9.95299
645000 5.00147 0.0133143 10.0029
646000 5.01834 -0.0142718 10.0367
647000 5.01876 0.01903 10.0375
648000 5.03392 -0.0525438 10.0678
649000 5.05065 -0.00379939 10.1013
650000 4.95409 0.000302199 9.90817
651000 4.98716 0.00773767 9.97431
652000 5.01607 0.0211684 10.0321
653000 4.98256 -0.0118092 9.96511
654000 4.98571 -0.0168748 9.97142
655000 4.99972 -0.0196791 9.99944
656000 5.03058 0.0197554 10.0612
657000 5.01018 0.0169692 10.0204
658000 4.99779 -0.0260833 9.99559
659000 4.97323 0.0157462 9.94646
660000 5.00839 0.00815971 10.0168
661000 5.04363 -0.023836 10.0873
662000 5.00061 0.00320354 10.0012
663000 4.99438 -0.0103017 9.98876
664000 4.99969 0.0148981 9.99937
665000 4.99518 -0.0155431 9.99037
666000 4.99944 -0.0167024 9.99888
667000 4.97313 0.0130306 9.94626
668000 5.02736 0.0366683 10.0547
669000 4.95879 0.036842 9.91758
670000 5.01018 0.00210284 10.0204
671000 5.01164 -0.0120215 10.0233
672000 4.99785 0.00134016 9.9957
673000 5.03682 -0.00859047 10.0736
674000 5.01919 0.0072203 10.0384
675000 5.02708 0.00163031 10.0542
676000 4.97693 0.00442785 9.95385
677000 5.02696 -0.0100381 10.0539
678000 4.92139 0.00439887 9.84277
679000 5.00599 0.0433363 10.012
680000 5.03698 -0.0318039 10.074
681000 5.02073 0.0299375 10.0415
682000 4.98255 -0.029334 9.96509
683000 4.97573 -0.0465584 9.95145
684000 5.08124 -0.0137984 10.1625
685000 5.02691 0.00762864 10.0538
686000 5.04293 -0.0131036 10.0859
687000 5.00197 -0.00938358 10.0039
688000 5.00873 -0.00417397 10.0175
689000 5.04041 -0.0140059 10.0808
690000 5.01922 -0.0284381 10.0384
691000 5.01629 0.00327775 10.0326
692000 5.04463 -0.0252302 10.0893
693000 4.96498 -0.00336249 9.92996
694000 4.96477 -0.0144277 9.92955
695000 4.97153 -0.0189321 9.94307
696000 5.02275 0.00895111 10.0455
697000 5.01629 0.00242467 10.0326
698000 4.96397 -0.00505033 9.92793
699000 5.03697 0.00822908 10.0739
700000 5.00804 -0.0211534 10.0161
701000 4.99575 -0.0245798 9.99149
702000 4.99529 -0.0347148 9.99058
703000 4.95333 0.00797015 9.90667
704000 4.9925 -0.00597129 9.98499
705000 5.02884 -0.00756902 10.0577
706000 4.96421 -0.017418 9.92843
707000 5.0076 0.0210148 10.0152
708000 4.96881 -0.0106561 9.93762
709000 5.05486 0.00640493 10.1097
710000 4.98125 -0.0104916 9.96249
711000 4.98543 -0.039299 9.97085
712000 4.97904 -0.0125925 9.95809
713000 5.01321 -0.02668 10.0264
714000 4.98728 0.00786931 9.97456
715000 4.99848 -0.0270538 9.99696
716000 5.03745 -0.0123327 10.0749
717000 4.96431 0.0145201 9.92862
718000 4.98105 0.0135839 9.96209
719000 4.9706 0.0179138 9.9412
720000 4.9615 0.00111796 9.92301
721000 5.01667 -0.0209739 10.0333
722000 4.96507 -0.0131562 9.93013
723000 5.02265 0.021315 10.0453
724000 5.00249 -0.0188888 10.005
725000 5.03161 -0.0397395 10.0632
726000 5.00915 0.000136597 10.0183
727000 4.96473 0.0238237 9.92945
728000 4.9719 0.00128987 9.94379
729000 5.01174 -0.0158395 10.0235
730000 4.98961 -0.0183467 9.97922
731000 5.01971 -0.016553 10.0394
732000 4.96755 -0.0295114 9.9351
733000 5.00545 -0.0102472 10.0109
734000 5.03903 0.010604 10.0781
735000 4.99898 0.0266018 9.99796
736000 5.01634 0.015781 10.0327
737000 4.96109 -0.0148706 9.92218
738000 5.03618 -0.0306865 10.0724
739000 5.01478 0.00452494 10.0296
740000 4.94768 0.0164293 9.89536
741000 5.0268 -0.0226224 10.0536
742000 5.00203 -0.00689899 10.0041
743000 5.01482 0.0209648 10.0296
744000 5.07391 0.0201168 10.1478
745000 5.00331 0.0247856 10.0066
746000 5.04684 0.0180834 10.0937
747000 5.03846 -0.00185758 10.0769
748000 5.04915 0.0154933 10.0983
749000 4.98534 0.00835641 9.97069
750000 4.98654 0.00415971 9.97308
751000 4.97725 0.00117748 9.95449
752000 5.03113 -0.00858783 10.0623
753000 4.95031 -0.00859847 9.90063
754000 5.00107 -0.00815699 10.0021
755000 4.98603 -0.0036516 9.97206
756000 4.96996 0.0129512 9.93992
757000 4.98734 0.0461962 9.97468
758000 5.00078 -0.00398402 10.0016
759000 4.99289 -0.0281214 9.98579
760000 4.95842 -0.0184205 9.91685
761000 4.93985 -0.00910108 9.87971
762000 5.02793 0.0116812 10.0559
763000 5.00029 0.0017445 10.0006
764000 5.04285 0.0147516 10.0857
765000 4.99671 -0.00694074 9.99343
766000 5.00247 -0.0037238 10.0049
767000 5.01287 -0.0350945 10.0257
768000 5.02408 -0.00932286 10.0482
769000 5.02207 0.0303836 10.0441
770000 5.04746 -0.00989093 10.0949
771000 5.06759 -0.00442605 10.1352
772000 5.01738 0.0159317 10.0348
773000 4.99426 0.0426135 9.98852
774000 5.03754 0.0229598 10.0751
775000 5.04008 0.0047577 10.0802
776000 5.01439 -0.00310323 10.0288
777000 4.97311 0.0124063 9.94621
778000 4.98587 0.0129725 9.97174
779000 5.01571 -0.00073561 10.0314
780000 5.06765 -0.0140139 10.1353
781000 4.95936 -0.0306651 9.91873
782000 5.02601 0.00549784 10.052
783000 5.01957 -0.00132818 10.0391
784000 5.00428 -0.0206564 10.0086
785000 5.00284 0.00839432 10.0057
786000 5.03373 -0.0108943 10.0675
787000 4.96997 0.0394592 9.93995
788000 4.98434 -0.0197156 9.96868
789000 5.03609 0.0178515 10.0722
790000 4.99932 0.0056596 9.99864
791000 5.02496 -0.0188408 10.0499
792000 4.97079 0.00485318 9.94158
793000 4.98535 -0.0167942 9.97071
794000 5.03007 -0.015093 10.0601
795000 4.98804 -0.0187686 9.97608
796000 4.9887 -0.00276385 9.97741
797000 4.9415 0.00168116 9.88301
798000 5.00849 -0.00417674 10.017
799000 5.05971 0.000664627 10.1194
800000 4.99921 -0.00151128 9.99842
801000 4.97392 0.00407155 9.94783
802000 4.98479 -0.00554283 9.96958
803000 5.03738 0.0425527 10.0748
804000 5.02293 0.0244171 10.0459
805000 5.00944 0.00454486 10.0189
806000 4.95451 0.00310424 9.90901
807000 4.9407 0.00118912 9.8814
808000 4.95355 0.00134536 9.9071
809000 5.02058 0.00742534 10.0412
810000 5.00296 -0.00235712 10.0059
811000 4.97511 0.00403523 9.95021
812000 4.99529 -0.00893978 9.99058
813000 4.99999 -0.0271261 9.99998
814000 5.01178 0.0139061 10.0236
815000 4.98867 -0.0062778 9.97735
816000 5.0255 0.00195758 10.051
817000 4.98776 -0.00635944 9.97552
818000 5.06182 -0.0184094 10.1236
819000 4.98535 -0.00443102 9.9707
820000 5.04638 0.0154564 10.0928
821000 4.96115 -0.00511445 9.9223
822000 5.00383 0.0187069 10.0077
823000 4.97822 -0.0072089 9.95644
824000 5.02758 0.000646129 10.0552
825000 5.02122 -0.037903 10.0424
826000 5.02855 0.00250189 10.0571
827000 4.96514 0.000136783 9.93029
828000 5.00049 -0.0100941 10.001
829000 4.99229 0.000258134 9.98457
830000 4.99738 -0.00722921 9.99476
831000 5.05068 0.0239909 10.1014
832000 4.92251 -0.00995386 9.84503
833000 4.99167 0.0120153 9.98334
834000 5.04988 -0.00343455 10.0998
835000 5.00083 0.0138098 10.0017
836000 5.01592 -0.0142218 10.0318
837000 5.01051 -0.0221405 10.021
838000 4.91978 -0.0038849 9.83956
839000 5.00529 0.0104273 10.0106
840000 4.99025 0.00492412 9.9805
841000 5.03475 0.000770706 10.0695
842000 4.98098 -0.0017473 9.96195
843000 4.96149 -0.00136075 9.92297
844000 5.02564 0.0281138 10.0513
845000 4.9784 -0.0398244 9.95681
846000 4.99605 -0.000919267 9.99209
847000 4.99712 -0.0156503 9.99423
848000 5.00545 0.00424323 10.0109
849000 4.97234 -0.00243933 9.94468
850000 5.01349 -0.00440148 10.027
851000 5.01842 -0.0335349 10.0368
852000 4.98165 0.00389481 9.96331
853000 5.03876 -0.00138985 10.0775
854000 5.01309 -0.0189936 10.0262
855000 4.94822 0.0091965 9.89644
856000 4.96661 0.00779464 9.93322
857000 5.04115 -0.0230016 10.0823
858000 5.04168 -0.0206016 10.0834
859000 4.99346 0.0172067 9.98691
860000 4.97394 -0.0179013 9.94788
861000 4.98555 -0.01536 9.9711
862000 5.01695 -0.0106769 10.0339
863000 5.00684 -0.0328008 10.0137
864000 4.93732 -0.000836591 9.87464
865000 5.00214 0.059296 10.0043
866000 5.04917 0.0166887 10.0983
867000 4.97293 0.0310488 9.94586
868000 5.05937 -0.0266054 10.1187
869000 5.03723 0.00298745 10.0745
870000 5.01433 0.0156417 10.0287
871000 5.07544 0.00716711 10.1509
872000 4.96932 0.0190737 9.93863
873000 5.01215 -0.0123318 10.0243
874000 5.00101 -0.0136994 10.002
875000 5.03586 -0.0123139 10.0717
876000 4.96587 0.0159417 9.93173
877000 4.96895 -0.0209439 9.9379
878000 5.04852 -0.00403283 10.097
879000 4.98952 0.0207918 9.97904
880000 5.02987 0.0447939 10.0597
881000 5.02562 -0.0107036 10.0512
882000 5.01581 0.0209475 10.0316
883000 4.97124 -0.00419908 9.94248
884000 4.95558 -0.00650792 9.91115
885000 4.93689 -0.0177419 9.87378
886000 4.97088 0.0218985 9.94177
887000 4.97163 0.00138383 9.94326
888000 5.01698 0.0439738 10.034
889000 5.06391 -0.0326598 10.1278
890000 4.95986 0.0046357 9.91972
891000 5.01195 -0.0228978 10.0239
892000 4.93288 -0.00553754 9.86576
893000 4.99654 0.00944064 9.99309
894000 4.97121 -0.0134952 9.94242
895000 5.00896 0.0196243 10.0179
896000 5.01281 0.00800486 10.0256
897000 4.94347 0.00115401 9.88694
898000 4.99709 -0.00590064 9.99419
899000 5.00411 0.0201213 10.0082
900000 5.03876 0.00752428 10.0775
901000 5.02923 0.0249708 10.0585
902000 4.97929 -0.0475526 9.95858
903000 5.01659 0.0370142 10.0332
904000 4.98091 0.00210394 9.96182
905000 4.9899 -0.00650825 9.9798
906000 4.99734 0.0138755 9.99468
907000 5.00241 -0.00196577 10.0048
908000 5.0215 0.015103 10.043
909000 5.00343 0.0115145 10.0069
910000 5.01057 0.0202519 10.0211
911000 4.99811 -0.000669024 9.99622
912000 4.97087 -0.0112607 9.94174
913000 5.00181 -0.0119123 10.0036
914000 5.02396 -0.0290056 10.0479
915000 4.98944 0.00688049 9.97888
916000 5.00307 -0.00234785 10.0061
917000 5.03245 0.0142915 10.0649
918000 5.06007 -0.0218664 10.1201
919000 5.01082 -0.0166866 10.0216
920000 4.97544 -0.000701926 9.95088
921000 4.99814 -0.00444833 9.99628
922000 4.96908 0.0211589 9.93816
923000 4.96498 0.0123018 9.92996
924000 4.94312 0.00286509 9.88623
925000 5.03231 -0.0108901 10.0646
926000 4.99459 0.0154879 9.98918
927000 5.01634 -0.00864371 10.0327
928000 4.97558 -0.00951213 9.95115
929000 4.96765 0.00757996 9.93531
930000 5.04018 -0.018044 10.0804
931000 4.99526 0.00381234 9.99052
932000 5.02849 0.0116929 10.057
933000 5.02485 0.0105666 10.0497
934000 5.02085 -0.0022568 10.0417
935000 5.00845 -0.00398643 10.0169
936000 4.99261 0.0082789 9.98522
937000 5.02612 0.0234711 10.0522
938000 5.04553 0.0033906 10.0911
939000 5.01469 0.00683907 10.0294
940000 5.03352 -0.0254827 10.067
941000 5.01953 0.0195029 10.0391
942000 4.94438 -0.00276796 9.88875
943000 5.01956 -0.0138716 10.0391
944000 4.95143 -0.0111955 9.90286
945000 4.9879 0.00307648 9.97579
946000 5.0342 -0.0065885 10.0684
947000 4.98784 -0.011602 9.97568
948000 4.98865 0.00499791 9.97729
949000 4.96394 0.0156142 9.92789
950000 4.94034 -0.0228867 9.88068
951000 4.99071 -0.00692742 9.98142
952000 5.01093 -3.3347e-05 10.0219
953000 5.01939 0.0324496 10.0388
954000 5.02754 0.0162043 10.0551
955000 4.97679 0.00785885 9.95357
956000 4.94048 -0.0106876 9.88096
957000 4.96398 0.0173514 9.92796
958000 4.99134 0.00403125 9.98267
959000 4.99349 0.0181993 9.98698
960000 4.99567 0.0398749 9.99135
961000 5.00276 -0.00217849 10.0055
962000 5.03174 0.0177188 10.0635
963000 5.00624 -0.0134546 10.0125
964000 4.95169 -0.000741703 9.90337
965000 5.03874 0.0139749 10.0775
966000 4.98917 0.00106128 9.97834
967000 5.0233 -0.0140193 10.0466
968000 4.9523 -0.0119709 9.90459
969000 4.97689 0.00543003 9.95379
970000 5.00557 0.000875224 10.0111
971000 4.98091 -0.027739 9.96183
972000 4.98917 0.0062557 9.97835
973000 5.02169 0.00209648 10.0434
974000 4.98716 0.00839954 9.97433
975000 5.00714 -0.0126204 10.0143
976000 5.0289 -0.0186759 10.0578
977000 5.03495 -0.00563923 10.0699
978000 5.02745 0.00274003 10.0549
979000 5.01975 -0.00954586 10.0395
980000 4.99383 0.00294698 9.98767
981000 5.03275 0.00973839 10.0655
982000 5.0255 -0.0132305 10.051
983000 4.99347 -0.0332036 9.98694
984000 4.95133 -0.0236766 9.90266
985000 5.0027 0.00921597 10.0054
986000 5.06734 -0.0116264 10.1347
987000 5.01991 0.0263539 10.0398
988000 5.02025 0.00501265 10.0405
989000 5.0213 -0.00902972 10.0426
990000 5.04981 -0.0127666 10.0996
991000 4.98498 0.0282521 9.96995
992000 4.96114 0.01271 9.92229
993000 4.99769 -0.0108509 9.99538
994000 5.01026 -0.00597318 10.0205
995000 4.98893 0.00031625 9.97786
996000 5.02212 0.00029528 10.0442
997000 4.96845 -0.00555179 9.93689
998000 4.98357 0.0245838 9.96714
999000 4.9804 0.0201289 9.96079
